종목명,현재가,등락률,외인변화,당일_게시글수,현재_외국인비중,시장구분,어제_종가,어제_외국인비중,게시물_요약,감정분석,Top_Keyword,연속_등록,latest_posts,scraper_version,code
다날,7800,+30.00%,0.23,162,7.01%,KOSDAQ,5870,6.78%,"[단독] “韓, 스테이블코인 실험할 최... / 3상은치겠죠?[3] / 5연상재료아니냐 이정도면[1] / 경축!!! 다날, AI 에이전트 재단 ...",Positive (68%),"심상치, 않습니다, 참여기업이, 경축, AI",1,"[{'title': '다날 , 지금 흐름이 심상치 않습니다', 'date': '2026.04.06 10:34', 'views': '55', 'likes': '10', 'dislikes': '2', 'link': '/item/board_read.naver?code=064260&nid=416824289&page=1', 'body': '', 'score': 355}, {'title': '참여기업이 미쳤네', 'date': '2026.04.06 10:28', 'views': '136', 'likes': '9', 'dislikes': '0', 'link': '/item/board_read.naver?code=064260&nid=416823350&page=1', 'body': '', 'score': 406}, {'title': '경축!!! 다날, AI 에이전트 재단 ...', 'date': '2026.04.06 09:47', 'views': '162', 'likes': '9', 'dislikes': '0', 'link': '/item/board_read.naver?code=064260&nid=416816213&page=5', 'body': '', 'score': 432}, {'title': '5연상재료아니냐 이정도면[1]', 'date': '2026.04.06 09:45', 'views': '231', 'likes': '9', 'dislikes': '0', 'link': '/item/board_read.naver?code=064260&nid=416815764&page=6', 'body': '', 'score': 501}, {'title': '3상은치겠죠?[3]', 'date': '2026.04.06 10:02', 'views': '265', 'likes': '8', 'dislikes': '0', 'link': '/item/board_read.naver?code=064260&nid=416818833&page=3', 'body': '', 'score': 505}, {'title': '상쳤네~', 'date': '2026.04.06 09:44', 'views': '27', 'likes': '8', 'dislikes': '0', 'link': '/item/board_read.naver?code=064260&nid=416815593&page=6', 'body': '', 'score': 267}, {'title': '엄마 상먹었어[2]', 'date': '2026.04.06 09:41', 'views': '70', 'likes': '8', 'dislikes': '0', 'link': '/item/board_read.naver?code=064260&nid=416815093&page=7', 'body': '', 'score': 310}, {'title': '[단독] “韓, 스테이블코인 실험할 최...', 'date': '2026.04.06 08:31', 'views': '598', 'likes': '8', 'dislikes': '2', 'link': '/item/board_read.naver?code=064260&nid=416803886&page=9', 'body': '', 'score': 838}, {'title': '92층에 사람있어요[2]', 'date': '2026.04.06 10:20', 'views': '69', 'likes': '7', 'dislikes': '0', 'link': '/item/board_read.naver?code=064260&nid=416821963&page=2', 'body': '', 'score': 279}, {'title': '상한가를 갔는데 아직도 마이너스네...[1]', 'date': '2026.04.06 10:07', 'views': '84', 'likes': '7', 'dislikes': '0', 'link': '/item/board_read.naver?code=064260&nid=416819865&page=3', 'body': '', 'score': 294}]",9.2 (Strategy Advisor),064260
풍산홀딩스,47250,+29.99%,0.06,64,13.08%,KOSPI,35050,13.02%,● 이거 안풀리고 잠기면 / 이번주 / 상잔량 뭐야? / 홀딩스,Mixed,"안풀리고, 상잔량, 어깨동무, 매도금지, 여유있는자",1,"[{'title': '● 이거 안풀리고 잠기면', 'date': '2026.04.06 08:14', 'views': '73', 'likes': '10', 'dislikes': '1', 'link': '/item/board_read.naver?code=005810&nid=416802371&page=3', 'body': '', 'score': 373}, {'title': '이번주', 'date': '2026.04.06 09:02', 'views': '35', 'likes': '8', 'dislikes': '1', 'link': '/item/board_read.naver?code=005810&nid=416807096&page=2', 'body': '', 'score': 275}, {'title': '상잔량 뭐야?', 'date': '2026.04.06 09:02', 'views': '66', 'likes': '6', 'dislikes': '0', 'link': '/item/board_read.naver?code=005810&nid=416807070&page=2', 'body': '', 'score': 246}, {'title': '어깨동무 하고 매도금지', 'date': '2026.04.06 08:22', 'views': '40', 'likes': '6', 'dislikes': '1', 'link': '/item/board_read.naver?code=005810&nid=416803067&page=3', 'body': '', 'score': 220}, {'title': 'ㅋㅋ', 'date': '2026.04.06 08:21', 'views': '32', 'likes': '6', 'dislikes': '5', 'link': '/item/board_read.naver?code=005810&nid=416802939&page=3', 'body': '', 'score': 212}, {'title': '홀딩스', 'date': '2026.04.06 08:19', 'views': '48', 'likes': '6', 'dislikes': '2', 'link': '/item/board_read.naver?code=005810&nid=416802765&page=3', 'body': '', 'score': 228}, {'title': '● ㅋ 잠겼다', 'date': '2026.04.06 09:02', 'views': '35', 'likes': '5', 'dislikes': '0', 'link': '/item/board_read.naver?code=005810&nid=416806967&page=2', 'body': '', 'score': 185}, {'title': '여유있는자', 'date': '2026.04.06 08:39', 'views': '41', 'likes': '5', 'dislikes': '0', 'link': '/item/board_read.naver?code=005810&nid=416804687&page=2', 'body': '', 'score': 191}, {'title': '12만원은 가것네낄낄', 'date': '2026.04.06 08:18', 'views': '46', 'likes': '5', 'dislikes': '3', 'link': '/item/board_read.naver?code=005810&nid=416802748&page=3', 'body': '', 'score': 196}, {'title': '이거 왜팜 쩜상 시작인데 ㅋㅋㅋㅋㅋㅋㅋ', 'date': '2026.04.06 08:18', 'views': '64', 'likes': '5', 'dislikes': '2', 'link': '/item/board_read.naver?code=005810&nid=416802673&page=3', 'body': '', 'score': 214}]",9.2 (Strategy Advisor),005810
이노인스트루먼트,1574,+29.98%,-0.05,43,10.80%,KOSDAQ,1211,10.85%,두말하면 잔소리다 / 이번 주 쩜상 5방 / 으악 대장주였어 !!! / 거래정지는 공시가 나와야 합니다.[1],Positive (87%),"두말하면, 잔소리다, 쩜상, 5방, 으악",1,"[{'title': '두말하면 잔소리다', 'date': '2026.04.06 09:41', 'views': '44', 'likes': '12', 'dislikes': '0', 'link': '/item/board_read.naver?code=215790&nid=416814938&page=1', 'body': '', 'score': 404}, {'title': '이번 주 쩜상 5방', 'date': '2026.04.06 09:40', 'views': '30', 'likes': '7', 'dislikes': '0', 'link': '/item/board_read.naver?code=215790&nid=416814805&page=1', 'body': '', 'score': 240}, {'title': '으악 대장주였어 !!!', 'date': '2026.04.06 09:38', 'views': '29', 'likes': '7', 'dislikes': '0', 'link': '/item/board_read.naver?code=215790&nid=416814358&page=1', 'body': '', 'score': 239}, {'title': '1시간뒤', 'date': '2026.04.06 08:38', 'views': '23', 'likes': '6', 'dislikes': '1', 'link': '/item/board_read.naver?code=215790&nid=416804584&page=3', 'body': '', 'score': 203}, {'title': '티엠씨 10% 상승 중. 광통신 프리마켓', 'date': '2026.04.06 08:28', 'views': '17', 'likes': '6', 'dislikes': '1', 'link': '/item/board_read.naver?code=215790&nid=416803643&page=3', 'body': '', 'score': 197}, {'title': '이노,cs, 상한가...광전자 초급등', 'date': '2026.04.06 09:39', 'views': '30', 'likes': '5', 'dislikes': '0', 'link': '/item/board_read.naver?code=215790&nid=416814728&page=1', 'body': '', 'score': 180}, {'title': '거래정지는 공시가 나와야 합니다.[1]', 'date': '2026.04.06 09:26', 'views': '70', 'likes': '5', 'dislikes': '0', 'link': '/item/board_read.naver?code=215790&nid=416811933&page=2', 'body': '', 'score': 220}, {'title': '우와 쎄네', 'date': '2026.04.06 09:05', 'views': '18', 'likes': '5', 'dislikes': '1', 'link': '/item/board_read.naver?code=215790&nid=416807566&page=2', 'body': '', 'score': 168}, {'title': '이야 짱ㅡ꺠 힘좀쓰네', 'date': '2026.04.06 09:04', 'views': '16', 'likes': '5', 'dislikes': '1', 'link': '/item/board_read.naver?code=215790&nid=416807525&page=2', 'body': '', 'score': 166}, {'title': '■여기가 대장이내  ㅡ힘이 좋내', 'date': '2026.04.06 09:34', 'views': '15', 'likes': '4', 'dislikes': '0', 'link': '/item/board_read.naver?code=215790&nid=416813663&page=1', 'body': '', 'score': 135}]",9.2 (Strategy Advisor),215790
광전자,5790,+29.97%,1.04,140,19.40%,KOSPI,3430,18.36%,"삐리한대한광통신 도 시총 2조3천억이다  찐카 광...[1] / 손 바뀜 / 광전자 , 지금 흐름이 심상치 않습니다 / 성호전자 70배,대한광통은 이미 40배나 해...",Positive (66%),"심상치, 않습니다, 삐리한대한광통신, 시총, 2조3천억이다",1,"[{'title': '광전자 , 지금 흐름이 심상치 않습니다', 'date': '2026.04.06 10:36', 'views': '29', 'likes': '8', 'dislikes': '0', 'link': '/item/board_read.naver?code=017900&nid=416824594&page=1', 'body': '', 'score': 269}, {'title': '삐리한대한광통신 도 시총 2조3천억이다  찐카 광...[1]', 'date': '2026.04.06 09:20', 'views': '103', 'likes': '8', 'dislikes': '1', 'link': '/item/board_read.naver?code=017900&nid=416810668&page=4', 'body': '', 'score': 343}, {'title': '제2의 TSMC', 'date': '2026.04.06 10:27', 'views': '46', 'likes': '6', 'dislikes': '3', 'link': '/item/board_read.naver?code=017900&nid=416823167&page=1', 'body': '', 'score': 226}, {'title': '성호전자 70배,대한광통은 이미 40배나 해...', 'date': '2026.04.06 10:19', 'views': '87', 'likes': '6', 'dislikes': '2', 'link': '/item/board_read.naver?code=017900&nid=416821806&page=2', 'body': '', 'score': 267}, {'title': '손 바뀜', 'date': '2026.04.06 09:44', 'views': '147', 'likes': '5', 'dislikes': '2', 'link': '/item/board_read.naver?code=017900&nid=416815545&page=3', 'body': '', 'score': 297}, {'title': '신용 무', 'date': '2026.04.06 09:54', 'views': '107', 'likes': '4', 'dislikes': '1', 'link': '/item/board_read.naver?code=017900&nid=416817550&page=3', 'body': '', 'score': 227}, {'title': '점상보다', 'date': '2026.04.06 09:35', 'views': '35', 'likes': '4', 'dislikes': '1', 'link': '/item/board_read.naver?code=017900&nid=416813807&page=4', 'body': '', 'score': 155}, {'title': '상풀리고', 'date': '2026.04.06 09:24', 'views': '49', 'likes': '4', 'dislikes': '6', 'link': '/item/board_read.naver?code=017900&nid=416811585&page=4', 'body': '', 'score': 169}, {'title': '형이다', 'date': '2026.04.06 09:13', 'views': '14', 'likes': '4', 'dislikes': '1', 'link': '/item/board_read.naver?code=017900&nid=416809160&page=5', 'body': '', 'score': 134}, {'title': '종가 상한가', 'date': '2026.04.06 09:10', 'views': '13', 'likes': '4', 'dislikes': '1', 'link': '/item/board_read.naver?code=017900&nid=416808510&page=6', 'body': '', 'score': 133}]",9.2 (Strategy Advisor),017900
기가레인,2530,+23.72%,0.0,80,1.37%,KOSDAQ,2045,1.37%,"--현재+30% 상한가--9시30분 쩜 상--빨... / 오늘 못사면 / 기가레인 , 지금 흐름이 심상치 않습니다 / 1시간뒤",Positive (75%),"9시30분, 심상치, 않습니다, 1시간뒤, 상찍어라",1,"[{'title': '--현재+30% 상한가--9시30분 쩜 상--빨...', 'date': '2026.04.06 08:04', 'views': '104', 'likes': '15', 'dislikes': '1', 'link': '/item/board_read.naver?code=049080&nid=416801435&page=4', 'body': '', 'score': 554}, {'title': '오늘 못사면', 'date': '2026.04.06 09:22', 'views': '73', 'likes': '12', 'dislikes': '0', 'link': '/item/board_read.naver?code=049080&nid=416811139&page=3', 'body': '', 'score': 433}, {'title': '기가레인 , 지금 흐름이 심상치 않습니다', 'date': '2026.04.06 10:38', 'views': '43', 'likes': '9', 'dislikes': '0', 'link': '/item/board_read.naver?code=049080&nid=416824869&page=1', 'body': '', 'score': 313}, {'title': '기가레인이', 'date': '2026.04.06 09:12', 'views': '32', 'likes': '8', 'dislikes': '0', 'link': '/item/board_read.naver?code=049080&nid=416809049&page=4', 'body': '', 'score': 272}, {'title': '1시간뒤', 'date': '2026.04.06 08:37', 'views': '50', 'likes': '8', 'dislikes': '2', 'link': '/item/board_read.naver?code=049080&nid=416804448&page=4', 'body': '', 'score': 290}, {'title': '상찍어라', 'date': '2026.04.06 09:27', 'views': '31', 'likes': '7', 'dislikes': '0', 'link': '/item/board_read.naver?code=049080&nid=416812038&page=3', 'body': '', 'score': 241}, {'title': '개미들 엄청털리는중[1]', 'date': '2026.04.06 10:18', 'views': '53', 'likes': '6', 'dislikes': '1', 'link': '/item/board_read.naver?code=049080&nid=416821759&page=2', 'body': '', 'score': 233}, {'title': '잠좀자게 상한가좀 가라[1]', 'date': '2026.04.06 09:33', 'views': '102', 'likes': '6', 'dislikes': '0', 'link': '/item/board_read.naver?code=049080&nid=416813378&page=3', 'body': '', 'score': 282}, {'title': '기가레인  10년차트 분석,', 'date': '2026.04.06 10:35', 'views': '33', 'likes': '5', 'dislikes': '0', 'link': '/item/board_read.naver?code=049080&nid=416824419&page=1', 'body': '', 'score': 183}, {'title': '세계 1위 삼성에 독점납품하는 유일한 기업이다...', 'date': '2026.04.06 10:18', 'views': '77', 'likes': '5', 'dislikes': '0', 'link': '/item/board_read.naver?code=049080&nid=416821735&page=2', 'body': '', 'score': 227}]",9.2 (Strategy Advisor),049080
남선알미늄,2175,+20.50%,-1.6,185,0.64%,KOSPI,1780,2.24%,삼아알미늄 급등중[1] / 롤링 스타트[9] / 삼아 쫄따구가 기다리잖아 / 수익 인증해준다[1],Positive (83%),"롤링, 스타트, 삼아, 쫄따구가, 기다리잖아",1,"[{'title': '롤링 스타트[9]', 'date': '2026.04.06 10:12', 'views': '60', 'likes': '7', 'dislikes': '0', 'link': '/item/board_read.naver?code=008350&nid=416820565&page=5', 'body': '', 'score': 270}, {'title': '삼아 쫄따구가 기다리잖아', 'date': '2026.04.06 08:18', 'views': '39', 'likes': '7', 'dislikes': '1', 'link': '/item/board_read.naver?code=008350&nid=416802691&page=10', 'body': '', 'score': 249}, {'title': '수익 인증해준다[1]', 'date': '2026.04.06 10:34', 'views': '64', 'likes': '6', 'dislikes': '0', 'link': '/item/board_read.naver?code=008350&nid=416824190&page=2', 'body': '', 'score': 244}, {'title': '단타든 뭐든 수급이 들어왓으면[1]', 'date': '2026.04.06 10:19', 'views': '43', 'likes': '6', 'dislikes': '0', 'link': '/item/board_read.naver?code=008350&nid=416821783&page=4', 'body': '', 'score': 223}, {'title': '삼아알미늄 급등중[1]', 'date': '2026.04.06 08:27', 'views': '92', 'likes': '6', 'dislikes': '7', 'link': '/item/board_read.naver?code=008350&nid=416803507&page=10', 'body': '', 'score': 272}, {'title': '알루미늄 대장', 'date': '2026.04.06 10:23', 'views': '15', 'likes': '5', 'dislikes': '1', 'link': '/item/board_read.naver?code=008350&nid=416822547&page=3', 'body': '', 'score': 165}, {'title': '중동전쟁으로[1]', 'date': '2026.04.06 09:57', 'views': '44', 'likes': '5', 'dislikes': '2', 'link': '/item/board_read.naver?code=008350&nid=416817994&page=6', 'body': '', 'score': 194}, {'title': '역시나', 'date': '2026.04.06 09:06', 'views': '21', 'likes': '5', 'dislikes': '0', 'link': '/item/board_read.naver?code=008350&nid=416807768&page=9', 'body': '', 'score': 171}, {'title': '목요일부터[1]', 'date': '2026.04.06 10:17', 'views': '37', 'likes': '4', 'dislikes': '1', 'link': '/item/board_read.naver?code=008350&nid=416821582&page=4', 'body': '', 'score': 157}, {'title': '상한가  ㄱㄱ', 'date': '2026.04.06 10:09', 'views': '18', 'likes': '4', 'dislikes': '0', 'link': '/item/board_read.naver?code=008350&nid=416820186&page=5', 'body': '', 'score': 138}]",9.2 (Strategy Advisor),008350
한국첨단소재,4250,+18.88%,3.14,100,5.36%,KOSDAQ,2750,2.22%,"광통신만으로도 이미 최소 만원은 가야하고 / 게임 끝났다. 안티들 빠빠이~~~[1] / 한국첨단소재,  ETRI와 기술이전 계약…자동상... / 한국첨단소재 , 지금 흐름이 심상치 않습니다",Positive (57%),"ETRI와, 광통신만으로도, 최소, 가야하고, 심상치",1,"[{'title': '광통신만으로도 이미 최소 만원은 가야하고', 'date': '2026.04.06 09:17', 'views': '50', 'likes': '13', 'dislikes': '0', 'link': '/item/board_read.naver?code=062970&nid=416810050&page=3', 'body': '', 'score': 440}, {'title': '한국첨단소재 , 지금 흐름이 심상치 않습니다', 'date': '2026.04.06 10:33', 'views': '65', 'likes': '8', 'dislikes': '0', 'link': '/item/board_read.naver?code=062970&nid=416824087&page=1', 'body': '', 'score': 305}, {'title': '텐배거 가보자', 'date': '2026.04.06 09:21', 'views': '25', 'likes': '8', 'dislikes': '1', 'link': '/item/board_read.naver?code=062970&nid=416810848&page=3', 'body': '', 'score': 265}, {'title': '한국첨단소재,  ETRI와 기술이전 계약…자동상...', 'date': '2026.04.06 09:07', 'views': '95', 'likes': '8', 'dislikes': '0', 'link': '/item/board_read.naver?code=062970&nid=416808013&page=4', 'body': '', 'score': 335}, {'title': '게임 끝났다. 안티들 빠빠이~~~[1]', 'date': '2026.04.06 08:36', 'views': '140', 'likes': '8', 'dislikes': '0', 'link': '/item/board_read.naver?code=062970&nid=416804420&page=5', 'body': '', 'score': 380}, {'title': '걍 냅두고 지켜보고 있으면 저절로 상한가 10...', 'date': '2026.04.06 10:07', 'views': '63', 'likes': '6', 'dislikes': '0', 'link': '/item/board_read.naver?code=062970&nid=416819870&page=1', 'body': '', 'score': 243}, {'title': '함국첨단소재 , ETRI와  기술이전계약  /...', 'date': '2026.04.06 09:56', 'views': '125', 'likes': '6', 'dislikes': '0', 'link': '/item/board_read.naver?code=062970&nid=416817903&page=2', 'body': '', 'score': 305}, {'title': '개미털기일 확률[1]', 'date': '2026.04.06 09:30', 'views': '105', 'likes': '6', 'dislikes': '0', 'link': '/item/board_read.naver?code=062970&nid=416812718&page=3', 'body': '', 'score': 285}, {'title': '상한가 10빵', 'date': '2026.04.06 09:23', 'views': '33', 'likes': '6', 'dislikes': '3', 'link': '/item/board_read.naver?code=062970&nid=416811229&page=3', 'body': '', 'score': 213}, {'title': '잠시후 전고점 뚫고 갭상한가!!!', 'date': '2026.04.06 09:02', 'views': '27', 'likes': '6', 'dislikes': '0', 'link': '/item/board_read.naver?code=062970&nid=416806979&page=4', 'body': '', 'score': 207}]",9.2 (Strategy Advisor),062970
GS글로벌,3720,+17.35%,0.29,65,4.82%,KOSPI,2595,4.53%,GS글로벌[1] / 형이사라고했지 안티들[2] / 지금 대통령 국무회의 방송에서 재생에너지 강화 / 거래량 포착 자사주 매입 + 국책사업[1],Positive (53%),"대통령, 국무회의, 방송에서, 재생에너지, 강화",1,"[{'title': 'GS글로벌[1]', 'date': '2026.04.06 09:52', 'views': '149', 'likes': '6', 'dislikes': '1', 'link': '/item/board_read.naver?code=001250&nid=416817170&page=1', 'body': '', 'score': 329}, {'title': '지금 대통령 국무회의 방송에서 재생에너지 강화', 'date': '2026.04.06 10:09', 'views': '46', 'likes': '5', 'dislikes': '0', 'link': '/item/board_read.naver?code=001250&nid=416820046&page=1', 'body': '', 'score': 196}, {'title': '대한광통신알제', 'date': '2026.04.06 10:06', 'views': '50', 'likes': '4', 'dislikes': '1', 'link': '/item/board_read.naver?code=001250&nid=416819612&page=1', 'body': '', 'score': 170}, {'title': '거래량 포착 자사주 매입 + 국책사업[1]', 'date': '2026.04.06 10:03', 'views': '70', 'likes': '4', 'dislikes': '1', 'link': '/item/board_read.naver?code=001250&nid=416819076&page=1', 'body': '', 'score': 190}, {'title': '팔면 호9  되는거 알제??', 'date': '2026.04.06 09:47', 'views': '14', 'likes': '4', 'dislikes': '1', 'link': '/item/board_read.naver?code=001250&nid=416816073&page=2', 'body': '', 'score': 134}, {'title': '형이사라고했지 안티들[2]', 'date': '2026.04.06 09:31', 'views': '120', 'likes': '4', 'dislikes': '1', 'link': '/item/board_read.naver?code=001250&nid=416812996&page=2', 'body': '', 'score': 240}, {'title': '아 ㅡㅡ 어이없네', 'date': '2026.04.06 09:27', 'views': '24', 'likes': '4', 'dislikes': '1', 'link': '/item/board_read.naver?code=001250&nid=416812070&page=3', 'body': '', 'score': 144}, {'title': '만원', 'date': '2026.04.06 10:05', 'views': '22', 'likes': '3', 'dislikes': '1', 'link': '/item/board_read.naver?code=001250&nid=416819418&page=1', 'body': '', 'score': 112}, {'title': '상VI, 가겠다,', 'date': '2026.04.06 09:26', 'views': '16', 'likes': '3', 'dislikes': '1', 'link': '/item/board_read.naver?code=001250&nid=416811834&page=3', 'body': '', 'score': 106}, {'title': '판 호9들 없제??', 'date': '2026.04.06 09:03', 'views': '18', 'likes': '3', 'dislikes': '1', 'link': '/item/board_read.naver?code=001250&nid=416807288&page=3', 'body': '', 'score': 108}]",9.2 (Strategy Advisor),001250
알루코,2785,+14.14%,0.2,52,1.62%,KOSPI,2385,1.42%,오늘에야 본 종목이라 아쉽[1] / AL 재가동 1년 걸린다네.[1] / 못뚫지 ㅋ / 조루코가 조루코할 것,Positive (75%),"감사합니다, 오늘에야, 종목이라, 아쉽, 못뚫지",1,"[{'title': '오늘에야 본 종목이라 아쉽[1]', 'date': '2026.04.06 10:23', 'views': '100', 'likes': '4', 'dislikes': '0', 'link': '/item/board_read.naver?code=001780&nid=416822573&page=1', 'body': '', 'score': 220}, {'title': '못뚫지 ㅋ', 'date': '2026.04.06 09:47', 'views': '19', 'likes': '4', 'dislikes': '2', 'link': '/item/board_read.naver?code=001780&nid=416816219&page=2', 'body': '', 'score': 139}, {'title': 'AL 재가동 1년 걸린다네.[1]', 'date': '2026.04.06 08:31', 'views': '68', 'likes': '4', 'dislikes': '3', 'link': '/item/board_read.naver?code=001780&nid=416803954&page=3', 'body': '', 'score': 188}, {'title': '가자', 'date': '2026.04.06 10:24', 'views': '13', 'likes': '3', 'dislikes': '0', 'link': '/item/board_read.naver?code=001780&nid=416822798&page=1', 'body': '', 'score': 103}, {'title': '+2,000,000원!!!', 'date': '2026.04.06 09:40', 'views': '23', 'likes': '3', 'dislikes': '2', 'link': '/item/board_read.naver?code=001780&nid=416814895&page=3', 'body': '', 'score': 113}, {'title': '조루코가 조루코할 것', 'date': '2026.04.06 08:09', 'views': '25', 'likes': '3', 'dislikes': '0', 'link': '/item/board_read.naver?code=001780&nid=416801894&page=3', 'body': '', 'score': 115}, {'title': '감사합니다.[1]', 'date': '2026.04.06 10:29', 'views': '20', 'likes': '2', 'dislikes': '1', 'link': '/item/board_read.naver?code=001780&nid=416823545&page=1', 'body': '', 'score': 80}, {'title': '오늘도 감사합니다ㅎㅎ[2]', 'date': '2026.04.06 10:27', 'views': '37', 'likes': '2', 'dislikes': '1', 'link': '/item/board_read.naver?code=001780&nid=416823134&page=1', 'body': '', 'score': 97}, {'title': '알루미늄 관련주 중에', 'date': '2026.04.06 10:20', 'views': '28', 'likes': '2', 'dislikes': '0', 'link': '/item/board_read.naver?code=001780&nid=416822131&page=1', 'body': '', 'score': 88}, {'title': '알루미늄가격만 올라가는게 아니야[1]', 'date': '2026.04.06 10:19', 'views': '55', 'likes': '2', 'dislikes': '0', 'link': '/item/board_read.naver?code=001780&nid=416821862&page=1', 'body': '', 'score': 115}]",9.2 (Strategy Advisor),001780
풍산,109700,+13.33%,0.17,404,11.83%,KOSPI,92700,11.66%,그만털고 가라[1] / 장중가 말고 종가만 보세요[3] / 인적분할을 이해 / 안녕하세요. 바닥 종목 발굴가입니다.,Negative (60%),"그만털고, 가라, 안녕하세요, 바닥, 발굴가입니다",1,"[{'title': '그만털고 가라[1]', 'date': '2026.04.06 10:13', 'views': '84', 'likes': '12', 'dislikes': '1', 'link': '/item/board_read.naver?code=103140&nid=416820707&page=3', 'body': '', 'score': 444}, {'title': '안녕하세요. 바닥 종목 발굴가입니다.', 'date': '2026.04.06 08:28', 'views': '72', 'likes': '12', 'dislikes': '1', 'link': '/item/board_read.naver?code=103140&nid=416803610&page=16', 'body': '', 'score': 432}, {'title': '한화 프리미엄 붙는데', 'date': '2026.04.06 08:25', 'views': '39', 'likes': '11', 'dislikes': '1', 'link': '/item/board_read.naver?code=103140&nid=416803357&page=16', 'body': '', 'score': 369}, {'title': '장중가 말고 종가만 보세요[3]', 'date': '2026.04.06 10:29', 'views': '143', 'likes': '10', 'dislikes': '2', 'link': '/item/board_read.naver?code=103140&nid=416823464&page=2', 'body': '', 'score': 443}, {'title': '인적분할을 이해', 'date': '2026.04.06 08:48', 'views': '135', 'likes': '10', 'dislikes': '1', 'link': '/item/board_read.naver?code=103140&nid=416805465&page=14', 'body': '', 'score': 435}, {'title': '푸근하다 엄마품에 안겨있는듯한 안정감', 'date': '2026.04.06 08:28', 'views': '42', 'likes': '10', 'dislikes': '2', 'link': '/item/board_read.naver?code=103140&nid=416803678&page=15', 'body': '', 'score': 342}, {'title': '적당히 해라', 'date': '2026.04.06 10:31', 'views': '41', 'likes': '9', 'dislikes': '1', 'link': '/item/board_read.naver?code=103140&nid=416823829&page=2', 'body': '', 'score': 311}, {'title': '거래량 좋네', 'date': '2026.04.06 10:00', 'views': '47', 'likes': '9', 'dislikes': '1', 'link': '/item/board_read.naver?code=103140&nid=416818489&page=4', 'body': '', 'score': 317}, {'title': '끝끝끝,,,바람잡이들', 'date': '2026.04.06 09:55', 'views': '40', 'likes': '9', 'dislikes': '0', 'link': '/item/board_read.naver?code=103140&nid=416817748&page=5', 'body': '', 'score': 310}, {'title': '그래서 그동안 이유없이 하락했군[1]', 'date': '2026.04.06 09:40', 'views': '85', 'likes': '9', 'dislikes': '1', 'link': '/item/board_read.naver?code=103140&nid=416814780&page=6', 'body': '', 'score': 355}]",9.2 (Strategy Advisor),103140
삼성E&A,45700,+12.70%,0.43,235,46.16%,KOSPI,35100,45.73%,"미 월가 뉴스 중동재건  엔지니어링 두회사 수... / 프리마켓 7% 오르고,[1] / 이라크 전쟁후 미 재건주 36배 올랐다고... / 오늘 52,700원 으로 ~~~달려달려",Positive (57%),"700원, 달려달려, 에너지, 진출, 프리마켓",1,"[{'title': '오늘 52,700원 으로 ~~~달려달려', 'date': '2026.04.06 08:49', 'views': '23', 'likes': '9', 'dislikes': '0', 'link': '/item/board_read.naver?code=028050&nid=416805603&page=10', 'body': '', 'score': 293}, {'title': '삼성이  에너지 분야 진출', 'date': '2026.04.06 09:42', 'views': '52', 'likes': '8', 'dislikes': '0', 'link': '/item/board_read.naver?code=028050&nid=416815240&page=5', 'body': '', 'score': 292}, {'title': '프리마켓 7% 오르고,[1]', 'date': '2026.04.06 08:32', 'views': '103', 'likes': '8', 'dislikes': '7', 'link': '/item/board_read.naver?code=028050&nid=416803992&page=10', 'body': '', 'score': 343}, {'title': '미 월가 뉴스 중동재건  엔지니어링 두회사 수...', 'date': '2026.04.06 08:16', 'views': '191', 'likes': '8', 'dislikes': '3', 'link': '/item/board_read.naver?code=028050&nid=416802504&page=11', 'body': '', 'score': 431}, {'title': '이라크 전쟁후 미 재건주 36배 올랐다고...', 'date': '2026.04.06 09:42', 'views': '89', 'likes': '7', 'dislikes': '0', 'link': '/item/board_read.naver?code=028050&nid=416815144&page=5', 'body': '', 'score': 299}, {'title': '월봉 챠트는 장기 바닥권을 돌파하는 상승 초...', 'date': '2026.04.06 09:38', 'views': '33', 'likes': '7', 'dislikes': '0', 'link': '/item/board_read.naver?code=028050&nid=416814474&page=6', 'body': '', 'score': 243}, {'title': '오늘상예상', 'date': '2026.04.06 09:36', 'views': '14', 'likes': '7', 'dislikes': '0', 'link': '/item/board_read.naver?code=028050&nid=416813916&page=6', 'body': '', 'score': 224}, {'title': '오늘상간다[1]', 'date': '2026.04.06 10:17', 'views': '108', 'likes': '6', 'dislikes': '1', 'link': '/item/board_read.naver?code=028050&nid=416821518&page=2', 'body': '', 'score': 288}, {'title': '플랜트설비', 'date': '2026.04.06 09:36', 'views': '62', 'likes': '6', 'dislikes': '1', 'link': '/item/board_read.naver?code=028050&nid=416813974&page=6', 'body': '', 'score': 242}, {'title': '팔고 후회 하지 마세요 오늘 얘가 주도...[1]', 'date': '2026.04.06 09:00', 'views': '40', 'likes': '6', 'dislikes': '0', 'link': '/item/board_read.naver?code=028050&nid=416806735&page=10', 'body': '', 'score': 220}]",9.2 (Strategy Advisor),028050
후성,9980,+11.88%,0.05,170,8.06%,KOSPI,6940,8.01%,#후성#  기관 순매수 현제상황[1] / 거래량 실화냐 / WF6 가 단가가 정말 많이 올랐네요 / 겁먹지마세용,Mixed,"WF6, 거래량, 실화냐, 겁먹지마세용, 기관",1,"[{'title': '거래량 실화냐', 'date': '2026.04.06 08:58', 'views': '84', 'likes': '11', 'dislikes': '0', 'link': '/item/board_read.naver?code=093370&nid=416806507&page=4', 'body': '', 'score': 414}, {'title': '겁먹지마세용', 'date': '2026.04.06 09:46', 'views': '48', 'likes': '10', 'dislikes': '0', 'link': '/item/board_read.naver?code=093370&nid=416815949&page=2', 'body': '', 'score': 348}, {'title': '#후성#  기관 순매수 현제상황[1]', 'date': '2026.04.06 10:12', 'views': '233', 'likes': '9', 'dislikes': '0', 'link': '/item/board_read.naver?code=093370&nid=416820619&page=1', 'body': '', 'score': 503}, {'title': '% 필독%후성  #육불화텅스텐(WF6)공...', 'date': '2026.04.06 10:03', 'views': '86', 'likes': '8', 'dislikes': '0', 'link': '/item/board_read.naver?code=093370&nid=416819029&page=1', 'body': '', 'score': 326}, {'title': '오늘 상 100퍼', 'date': '2026.04.06 08:35', 'views': '30', 'likes': '8', 'dislikes': '4', 'link': '/item/board_read.naver?code=093370&nid=416804312&page=6', 'body': '', 'score': 270}, {'title': '일단 10200부터 넘겨보자', 'date': '2026.04.06 09:56', 'views': '30', 'likes': '7', 'dislikes': '0', 'link': '/item/board_read.naver?code=093370&nid=416817879&page=2', 'body': '', 'score': 240}, {'title': 'WF6 가 단가가 정말 많이 올랐네요', 'date': '2026.04.06 08:51', 'views': '162', 'likes': '7', 'dislikes': '1', 'link': '/item/board_read.naver?code=093370&nid=416805831&page=4', 'body': '', 'score': 372}, {'title': '후성은 오르는 것이 아님', 'date': '2026.04.06 08:40', 'views': '58', 'likes': '7', 'dislikes': '0', 'link': '/item/board_read.naver?code=093370&nid=416804729&page=5', 'body': '', 'score': 268}, {'title': '매도.   물량 빼기지 마라  바보야   거래...', 'date': '2026.04.06 09:46', 'views': '93', 'likes': '6', 'dislikes': '0', 'link': '/item/board_read.naver?code=093370&nid=416815993&page=2', 'body': '', 'score': 273}, {'title': '가는 놈이 간다고', 'date': '2026.04.06 09:44', 'views': '31', 'likes': '6', 'dislikes': '0', 'link': '/item/board_read.naver?code=093370&nid=416815615&page=2', 'body': '', 'score': 211}]",9.2 (Strategy Advisor),093370
대한광통신,14220,+11.62%,2.3,182,8.75%,KOSDAQ,10120,6.45%,14000[2] / 수익 감사합니다[3] / 존버 결과 공유[5] / 형이 하나 알려줄게,Positive (63%),"텐버거, 그렇게, 알려줬는데, 결과, 공유",1,"[{'title': '14000[2]', 'date': '2026.04.06 09:11', 'views': '378', 'likes': '17', 'dislikes': '2', 'link': '/item/board_read.naver?code=010170&nid=416808804&page=8', 'body': '', 'score': 888}, {'title': '텐버거 형님이 그렇게 알려줬는데 아직도 못 믿...', 'date': '2026.04.06 09:15', 'views': '140', 'likes': '16', 'dislikes': '2', 'link': '/item/board_read.naver?code=010170&nid=416809509&page=7', 'body': '', 'score': 620}, {'title': '존버 결과 공유[5]', 'date': '2026.04.06 09:49', 'views': '334', 'likes': '15', 'dislikes': '2', 'link': '/item/board_read.naver?code=010170&nid=416816594&page=4', 'body': '', 'score': 784}, {'title': '응원합니다.[1]', 'date': '2026.04.06 09:22', 'views': '93', 'likes': '15', 'dislikes': '1', 'link': '/item/board_read.naver?code=010170&nid=416811077&page=6', 'body': '', 'score': 543}, {'title': '이제 안티 그만할란다[1]', 'date': '2026.04.06 10:14', 'views': '155', 'likes': '14', 'dislikes': '1', 'link': '/item/board_read.naver?code=010170&nid=416820974&page=2', 'body': '', 'score': 575}, {'title': '주포형님들[1]', 'date': '2026.04.06 08:26', 'views': '84', 'likes': '14', 'dislikes': '3', 'link': '/item/board_read.naver?code=010170&nid=416803428&page=10', 'body': '', 'score': 504}, {'title': '수익 감사합니다[3]', 'date': '2026.04.06 09:34', 'views': '401', 'likes': '13', 'dislikes': '4', 'link': '/item/board_read.naver?code=010170&nid=416813667&page=5', 'body': '', 'score': 791}, {'title': '형이 하나 알려줄게', 'date': '2026.04.06 09:57', 'views': '338', 'likes': '12', 'dislikes': '4', 'link': '/item/board_read.naver?code=010170&nid=416818045&page=3', 'body': '', 'score': 698}, {'title': '2026년  대한광통신 대박이다  존슨황이 추...', 'date': '2026.04.06 09:36', 'views': '183', 'likes': '12', 'dislikes': '1', 'link': '/item/board_read.naver?code=010170&nid=416814125&page=4', 'body': '', 'score': 543}, {'title': '적게 사면 대박나고 몰빵하면 주옥되는[1]', 'date': '2026.04.06 09:12', 'views': '162', 'likes': '12', 'dislikes': '2', 'link': '/item/board_read.naver?code=010170&nid=416809082&page=8', 'body': '', 'score': 522}]",9.2 (Strategy Advisor),010170
엔켐,38850,+11.32%,0.3,51,4.99%,KOSDAQ,35600,4.69%,"엔켐, 베르코와 전략 협력 점검…유럽 전해액 ...[1] / 어차피 오르든 내리든... 오딧 통과가 유일한...[1] / 엔켐 거의 끝물아님?[4] / 금양하고 비교하는 사람들[2]",Negative (66%),"베르코와, 전략, 협력, 점검, 유럽",1,"[{'title': '엔켐, 베르코와 전략 협력 점검…유럽 전해액 ...[1]', 'date': '2026.04.06 08:34', 'views': '407', 'likes': '12', 'dislikes': '7', 'link': '/item/board_read.naver?code=348370&nid=416804211&page=3', 'body': '', 'score': 767}, {'title': '어차피 오르든 내리든... 오딧 통과가 유일한...[1]', 'date': '2026.04.06 08:12', 'views': '198', 'likes': '11', 'dislikes': '4', 'link': '/item/board_read.naver?code=348370&nid=416802175&page=3', 'body': '', 'score': 528}, {'title': '걱정이되세요', 'date': '2026.04.06 10:00', 'views': '47', 'likes': '9', 'dislikes': '1', 'link': '/item/board_read.naver?code=348370&nid=416818601&page=2', 'body': '', 'score': 317}, {'title': '금양하고 비교하는 사람들[2]', 'date': '2026.04.06 10:19', 'views': '83', 'likes': '8', 'dislikes': '1', 'link': '/item/board_read.naver?code=348370&nid=416821868&page=2', 'body': '', 'score': 323}, {'title': '오랜만에', 'date': '2026.04.06 10:16', 'views': '22', 'likes': '8', 'dislikes': '1', 'link': '/item/board_read.naver?code=348370&nid=416821286&page=2', 'body': '', 'score': 262}, {'title': '엔켐 거의 끝물아님?[4]', 'date': '2026.04.06 09:06', 'views': '186', 'likes': '8', 'dislikes': '4', 'link': '/item/board_read.naver?code=348370&nid=416807785&page=3', 'body': '', 'score': 426}, {'title': '밥상은  다차려졌다', 'date': '2026.04.06 10:04', 'views': '40', 'likes': '6', 'dislikes': '1', 'link': '/item/board_read.naver?code=348370&nid=416819269&page=2', 'body': '', 'score': 220}, {'title': '스멀스멀', 'date': '2026.04.06 10:08', 'views': '29', 'likes': '5', 'dislikes': '0', 'link': '/item/board_read.naver?code=348370&nid=416819976&page=2', 'body': '', 'score': 179}, {'title': '베르코', 'date': '2026.04.06 09:34', 'views': '51', 'likes': '5', 'dislikes': '2', 'link': '/item/board_read.naver?code=348370&nid=416813565&page=2', 'body': '', 'score': 201}, {'title': '프랑스 배터리 최대기업이네', 'date': '2026.04.06 09:32', 'views': '58', 'likes': '5', 'dislikes': '2', 'link': '/item/board_read.naver?code=348370&nid=416813319&page=2', 'body': '', 'score': 208}]",9.2 (Strategy Advisor),348370
한일사료,4510,+9.87%,1.73,77,3.35%,KOSDAQ,3945,1.62%,에라. 잣 같은 종목 손절하고 간다. / 이제시작이다 / 상친다 / 30분전에 이미 한번 해먹었는데 아직도 물려있노?...[1],Negative (56%),"에라, 손절하고, 이제시작이다, 30분전에, 한번",1,"[{'title': '에라. 잣 같은 종목 손절하고 간다.', 'date': '2026.04.06 10:05', 'views': '22', 'likes': '9', 'dislikes': '0', 'link': '/item/board_read.naver?code=005860&nid=416819483&page=1', 'body': '', 'score': 292}, {'title': '이제시작이다', 'date': '2026.04.06 09:57', 'views': '24', 'likes': '6', 'dislikes': '0', 'link': '/item/board_read.naver?code=005860&nid=416817953&page=1', 'body': '', 'score': 204}, {'title': '상친다', 'date': '2026.04.06 09:31', 'views': '15', 'likes': '5', 'dislikes': '0', 'link': '/item/board_read.naver?code=005860&nid=416812916&page=2', 'body': '', 'score': 165}, {'title': '30분전에 이미 한번 해먹었는데 아직도 물려있노?...[1]', 'date': '2026.04.06 10:09', 'views': '72', 'likes': '3', 'dislikes': '0', 'link': '/item/board_read.naver?code=005860&nid=416820171&page=1', 'body': '', 'score': 162}, {'title': '피뢰침이다,수익챙겨야지', 'date': '2026.04.06 09:41', 'views': '12', 'likes': '3', 'dislikes': '0', 'link': '/item/board_read.naver?code=005860&nid=416814998&page=1', 'body': '', 'score': 102}, {'title': '윗꼬리 단다', 'date': '2026.04.06 09:39', 'views': '8', 'likes': '3', 'dislikes': '0', 'link': '/item/board_read.naver?code=005860&nid=416814649&page=1', 'body': '', 'score': 98}, {'title': '하,,,, 오늘 손절하니깐 올리네... 젠장', 'date': '2026.04.06 09:28', 'views': '10', 'likes': '3', 'dislikes': '0', 'link': '/item/board_read.naver?code=005860&nid=416812232&page=3', 'body': '', 'score': 100}, {'title': '먼저 인사박습니다.!!!', 'date': '2026.04.06 08:50', 'views': '15', 'likes': '3', 'dislikes': '0', 'link': '/item/board_read.naver?code=005860&nid=416805719&page=4', 'body': '', 'score': 105}, {'title': '정리한번하고', 'date': '2026.04.06 10:15', 'views': '34', 'likes': '2', 'dislikes': '0', 'link': '/item/board_read.naver?code=005860&nid=416821100&page=1', 'body': '', 'score': 94}, {'title': '예상대로면 오늘은 안오를것', 'date': '2026.04.06 09:59', 'views': '75', 'likes': '2', 'dislikes': '1', 'link': '/item/board_read.naver?code=005860&nid=416818420&page=1', 'body': '', 'score': 135}]",9.2 (Strategy Advisor),005860
신성이엔지,3725,+8.13%,6.12,91,13.84%,KOSPI,2750,7.72%,18만물량 다 걷어갔네... / 축하드립니다 / 장전 악성물량 다받아먹었네. / 오늘도[1],Mixed,"18만물량, 걷어갔네, 축하드립니다, 개잡주, 집집마다",1,"[{'title': '18만물량 다 걷어갔네...', 'date': '2026.04.06 08:44', 'views': '117', 'likes': '10', 'dislikes': '6', 'link': '/item/board_read.naver?code=011930&nid=416805054&page=4', 'body': '', 'score': 417}, {'title': '축하드립니다', 'date': '2026.04.06 09:22', 'views': '75', 'likes': '8', 'dislikes': '5', 'link': '/item/board_read.naver?code=011930&nid=416811091&page=3', 'body': '', 'score': 315}, {'title': '개잡주', 'date': '2026.04.06 09:14', 'views': '17', 'likes': '7', 'dislikes': '1', 'link': '/item/board_read.naver?code=011930&nid=416809354&page=4', 'body': '', 'score': 227}, {'title': '집집마다 태양광설치 의무화 나올듯', 'date': '2026.04.06 09:07', 'views': '35', 'likes': '7', 'dislikes': '2', 'link': '/item/board_read.naver?code=011930&nid=416808104&page=4', 'body': '', 'score': 245}, {'title': '5천까지는 이번주 찍을거같다.', 'date': '2026.04.06 08:55', 'views': '57', 'likes': '7', 'dislikes': '5', 'link': '/item/board_read.naver?code=011930&nid=416806163&page=4', 'body': '', 'score': 267}, {'title': '장전 악성물량 다받아먹었네.', 'date': '2026.04.06 08:42', 'views': '73', 'likes': '7', 'dislikes': '3', 'link': '/item/board_read.naver?code=011930&nid=416804959&page=5', 'body': '', 'score': 283}, {'title': '음봉이다', 'date': '2026.04.06 08:41', 'views': '52', 'likes': '7', 'dislikes': '3', 'link': '/item/board_read.naver?code=011930&nid=416804847&page=5', 'body': '', 'score': 262}, {'title': '오늘도[1]', 'date': '2026.04.06 08:39', 'views': '61', 'likes': '7', 'dislikes': '4', 'link': '/item/board_read.naver?code=011930&nid=416804628&page=5', 'body': '', 'score': 271}, {'title': '외인들 오늘 다 던지고 튄다.', 'date': '2026.04.06 09:14', 'views': '44', 'likes': '6', 'dislikes': '1', 'link': '/item/board_read.naver?code=011930&nid=416809495&page=4', 'body': '', 'score': 224}, {'title': '신한이 파네', 'date': '2026.04.06 09:07', 'views': '31', 'likes': '6', 'dislikes': '0', 'link': '/item/board_read.naver?code=011930&nid=416808071&page=4', 'body': '', 'score': 211}]",9.2 (Strategy Advisor),011930
케이뱅크,6310,+7.31%,0.01,85,0.18%,KOSPI,5790,0.17%,저는 스테이블코인 대장이 케이뱅크라고 생각... / 대놓고 스테이블[3] / 추세전환했네 / 평단 5800 -> 6300 매도완료[1],Negative (60%),"스테이블, 스테이블코인, 추세전환했네, 평단, 매도완료",1,"[{'title': '저는 스테이블코인 대장이 케이뱅크라고 생각...', 'date': '2026.04.06 10:23', 'views': '92', 'likes': '10', 'dislikes': '2', 'link': '/item/board_read.naver?code=279570&nid=416822502&page=2', 'body': '', 'score': 392}, {'title': '추세전환했네', 'date': '2026.04.06 10:32', 'views': '56', 'likes': '7', 'dislikes': '3', 'link': '/item/board_read.naver?code=279570&nid=416823934&page=1', 'body': '', 'score': 266}, {'title': '대놓고 스테이블[3]', 'date': '2026.04.06 10:21', 'views': '150', 'likes': '7', 'dislikes': '1', 'link': '/item/board_read.naver?code=279570&nid=416822259&page=2', 'body': '', 'score': 360}, {'title': '평단 5800 -> 6300 매도완료[1]', 'date': '2026.04.06 10:34', 'views': '52', 'likes': '5', 'dislikes': '4', 'link': '/item/board_read.naver?code=279570&nid=416824282&page=1', 'body': '', 'score': 202}, {'title': '스테이블 꿈틀꿈틀', 'date': '2026.04.06 10:02', 'views': '24', 'likes': '5', 'dislikes': '0', 'link': '/item/board_read.naver?code=279570&nid=416818904&page=3', 'body': '', 'score': 174}, {'title': '절되 매수금지', 'date': '2026.04.06 09:03', 'views': '45', 'likes': '5', 'dislikes': '9', 'link': '/item/board_read.naver?code=279570&nid=416807210&page=4', 'body': '', 'score': 195}, {'title': '어떤바보가 핀테크를 이용함 은행이용해야지', 'date': '2026.04.06 10:33', 'views': '41', 'likes': '4', 'dislikes': '2', 'link': '/item/board_read.naver?code=279570&nid=416824151&page=1', 'body': '', 'score': 161}, {'title': '내가 계속 말했지??', 'date': '2026.04.06 10:16', 'views': '77', 'likes': '4', 'dislikes': '1', 'link': '/item/board_read.naver?code=279570&nid=416821410&page=2', 'body': '', 'score': 197}, {'title': '6천원 무너지고 반등.', 'date': '2026.04.06 10:31', 'views': '27', 'likes': '3', 'dislikes': '0', 'link': '/item/board_read.naver?code=279570&nid=416823826&page=1', 'body': '', 'score': 117}, {'title': '6300원만 뚫으면 공모가 8300원까지는...', 'date': '2026.04.06 10:20', 'views': '39', 'likes': '3', 'dislikes': '0', 'link': '/item/board_read.naver?code=279570&nid=416822016&page=2', 'body': '', 'score': 129}]",9.2 (Strategy Advisor),279570
S-Oil,119400,+7.18%,0.12,100,76.64%,KOSPI,106500,76.52%,성투하세요[5] / 17에 물렸다 죽고싶다[1] / 내가 오늘 상한찍는다햇다[1] / 솔까 다들 12층은 올거라 생각하자나[1],Negative (66%),"털리니, 성투하세요, 상한찍는다햇다, 다들, 12층은",1,"[{'title': '내가 털리니 오르네', 'date': '2026.04.06 09:27', 'views': '26', 'likes': '7', 'dislikes': '0', 'link': '/item/board_read.naver?code=010950&nid=416812177&page=4', 'body': '', 'score': 236}, {'title': '성투하세요[5]', 'date': '2026.04.06 09:27', 'views': '264', 'likes': '7', 'dislikes': '0', 'link': '/item/board_read.naver?code=010950&nid=416812016&page=4', 'body': '', 'score': 474}, {'title': '내가 오늘 상한찍는다햇다[1]', 'date': '2026.04.06 09:09', 'views': '78', 'likes': '7', 'dislikes': '2', 'link': '/item/board_read.naver?code=010950&nid=416808433&page=5', 'body': '', 'score': 288}, {'title': '솔까 다들 12층은 올거라 생각하자나[1]', 'date': '2026.04.06 10:06', 'views': '83', 'likes': '6', 'dislikes': '0', 'link': '/item/board_read.naver?code=010950&nid=416819655&page=2', 'body': '', 'score': 263}, {'title': '외인매수 너무 심하게 쌓여서 오를 때...', 'date': '2026.04.06 10:03', 'views': '53', 'likes': '6', 'dislikes': '0', 'link': '/item/board_read.naver?code=010950&nid=416819158&page=2', 'body': '', 'score': 233}, {'title': '트위터는 거의 콩트네', 'date': '2026.04.06 08:33', 'views': '75', 'likes': '6', 'dislikes': '0', 'link': '/item/board_read.naver?code=010950&nid=416804075&page=5', 'body': '', 'score': 255}, {'title': '모든 신호가', 'date': '2026.04.06 10:07', 'views': '57', 'likes': '5', 'dislikes': '0', 'link': '/item/board_read.naver?code=010950&nid=416819837&page=2', 'body': '', 'score': 207}, {'title': '17에 물렸다 죽고싶다[1]', 'date': '2026.04.06 10:05', 'views': '147', 'likes': '5', 'dislikes': '1', 'link': '/item/board_read.naver?code=010950&nid=416819459&page=2', 'body': '', 'score': 297}, {'title': '나는 11.5에 8퍼먹고 나갔는데', 'date': '2026.04.06 10:02', 'views': '37', 'likes': '5', 'dislikes': '0', 'link': '/item/board_read.naver?code=010950&nid=416818885&page=3', 'body': '', 'score': 187}, {'title': '얘는 지맘대로라 별 감흥없내 ㅋ[1]', 'date': '2026.04.06 09:54', 'views': '51', 'likes': '5', 'dislikes': '0', 'link': '/item/board_read.naver?code=010950&nid=416817475&page=3', 'body': '', 'score': 201}]",9.2 (Strategy Advisor),010950
헥토파이낸셜,24600,+6.96%,-0.03,47,5.16%,KOSDAQ,23050,5.19%,4월중순부터 스테이블코인 법안 논의 / 개미 털었으면 헥토도 한번 다날 따라가보자.[2] / 다날에게 밀리는 겨?[1] / 하루 이틀 갈 재료가 아님~[1],Positive (81%),"다날, 외국인, 개미, 털었으면, 한번",1,"[{'title': '개미 털었으면 헥토도 한번 다날 따라가보자.[2]', 'date': '2026.04.06 10:24', 'views': '64', 'likes': '6', 'dislikes': '1', 'link': '/item/board_read.naver?code=234340&nid=416822663&page=1', 'body': '', 'score': 244}, {'title': 'See 벌', 'date': '2026.04.06 10:28', 'views': '17', 'likes': '5', 'dislikes': '1', 'link': '/item/board_read.naver?code=234340&nid=416823352&page=1', 'body': '', 'score': 167}, {'title': '다날에게 밀리는 겨?[1]', 'date': '2026.04.06 09:59', 'views': '72', 'likes': '5', 'dislikes': '0', 'link': '/item/board_read.naver?code=234340&nid=416818325&page=2', 'body': '', 'score': 222}, {'title': '하루 이틀 갈 재료가 아님~[1]', 'date': '2026.04.06 10:10', 'views': '83', 'likes': '4', 'dislikes': '2', 'link': '/item/board_read.naver?code=234340&nid=416820209&page=2', 'body': '', 'score': 203}, {'title': '검은머리 외국인 집안 신현종 낙마', 'date': '2026.04.06 09:17', 'views': '30', 'likes': '4', 'dislikes': '0', 'link': '/item/board_read.naver?code=234340&nid=416810048&page=3', 'body': '', 'score': 150}, {'title': '4월중순부터 스테이블코인 법안 논의', 'date': '2026.04.06 08:34', 'views': '163', 'likes': '4', 'dislikes': '4', 'link': '/item/board_read.naver?code=234340&nid=416804153&page=3', 'body': '', 'score': 283}, {'title': '(저)지능박사 이악물고 다날 얘기중[1]', 'date': '2026.04.06 10:07', 'views': '50', 'likes': '3', 'dislikes': '0', 'link': '/item/board_read.naver?code=234340&nid=416819798&page=2', 'body': '', 'score': 140}, {'title': '[매동] 실시간매매추이 (2차)', 'date': '2026.04.06 10:07', 'views': '54', 'likes': '3', 'dislikes': '0', 'link': '/item/board_read.naver?code=234340&nid=416819705&page=2', 'body': '', 'score': 144}, {'title': '급락은 급등으로 채운다[1]', 'date': '2026.04.06 09:40', 'views': '55', 'likes': '3', 'dislikes': '0', 'link': '/item/board_read.naver?code=234340&nid=416814849&page=3', 'body': '', 'score': 145}, {'title': '기관 외국인 눈치채고 바로 다 매도 개인만 매수...', 'date': '2026.04.06 10:41', 'views': '5', 'likes': '2', 'dislikes': '0', 'link': '/item/board_read.naver?code=234340&nid=416825298&page=1', 'body': '', 'score': 65}]",9.2 (Strategy Advisor),234340
삼성SDI,464500,+5.93%,-0.17,124,24.86%,KOSPI,443000,25.03%,전고점 돌파했다고들 난리인데[1] / 오늘 시장은 sdi[2] / 핵심구조변화 EV에서 ‘ESS + AI + 전... / ★ 삼성SDI: 영업이익 -1조 7224억 적...[4],Positive (66%),"전고점, sdi, 돌파했다고들, 난리인데, 핵심구조변화",1,"[{'title': '전고점 돌파했다고들 난리인데[1]', 'date': '2026.04.06 10:18', 'views': '251', 'likes': '13', 'dislikes': '1', 'link': '/item/board_read.naver?code=006400&nid=416821640&page=2', 'body': '', 'score': 641}, {'title': '핵심구조변화 EV에서 ‘ESS + AI + 전...', 'date': '2026.04.06 08:14', 'views': '157', 'likes': '11', 'dislikes': '0', 'link': '/item/board_read.naver?code=006400&nid=416802358&page=7', 'body': '', 'score': 487}, {'title': '전고점  뚤자 아자  50  안착하자', 'date': '2026.04.06 08:05', 'views': '34', 'likes': '11', 'dislikes': '2', 'link': '/item/board_read.naver?code=006400&nid=416801463&page=7', 'body': '', 'score': 364}, {'title': '장 시작한순간 sdi 오를듯[1]', 'date': '2026.04.06 08:47', 'views': '84', 'likes': '9', 'dislikes': '0', 'link': '/item/board_read.naver?code=006400&nid=416805396&page=6', 'body': '', 'score': 354}, {'title': '큰 상승이 나올 자리', 'date': '2026.04.06 08:44', 'views': '60', 'likes': '9', 'dislikes': '2', 'link': '/item/board_read.naver?code=006400&nid=416805097&page=6', 'body': '', 'score': 330}, {'title': '오늘 시장은 sdi[2]', 'date': '2026.04.06 08:25', 'views': '384', 'likes': '8', 'dislikes': '4', 'link': '/item/board_read.naver?code=006400&nid=416803359&page=7', 'body': '', 'score': 624}, {'title': '★ 삼성SDI: 영업이익 -1조 7224억 적...[4]', 'date': '2026.04.06 10:18', 'views': '242', 'likes': '7', 'dislikes': '1', 'link': '/item/board_read.naver?code=006400&nid=416821669&page=2', 'body': '', 'score': 452}, {'title': '이란전쟁이 알려준것.', 'date': '2026.04.06 10:12', 'views': '179', 'likes': '7', 'dislikes': '1', 'link': '/item/board_read.naver?code=006400&nid=416820574&page=3', 'body': '', 'score': 389}, {'title': '뚫렸다 오늘 50간다', 'date': '2026.04.06 10:05', 'views': '53', 'likes': '7', 'dislikes': '2', 'link': '/item/board_read.naver?code=006400&nid=416819493&page=4', 'body': '', 'score': 263}, {'title': '여지없이 흐름은 바뀌었다[1]', 'date': '2026.04.06 09:02', 'views': '56', 'likes': '7', 'dislikes': '1', 'link': '/item/board_read.naver?code=006400&nid=416807012&page=6', 'body': '', 'score': 266}]",9.2 (Strategy Advisor),006400
엘앤에프,174800,+5.05%,-0.6,41,19.53%,KOSPI,161600,20.13%,"분명 말했다 17안착후에 횡보하다 쏜다고[1] / 목표가 25만원 UP배경,""실적도 모멘텀도 가장... / 테슬라 모델 YL 대박이라니까 줄서서 산다 / 맨날 패턴이 똑같네[2]",Mixed,"분명, 17안착후에, 횡보하다, 25만원, UP배경",1,"[{'title': '분명 말했다 17안착후에 횡보하다 쏜다고[1]', 'date': '2026.04.06 08:47', 'views': '332', 'likes': '20', 'dislikes': '3', 'link': '/item/board_read.naver?code=066970&nid=416805430&page=2', 'body': '', 'score': 932}, {'title': '목표가 25만원 UP배경,""실적도 모멘텀도 가장...', 'date': '2026.04.06 08:07', 'views': '181', 'likes': '20', 'dislikes': '0', 'link': '/item/board_read.naver?code=066970&nid=416801660&page=2', 'body': '', 'score': 781}, {'title': '테슬라 모델 YL 대박이라니까 줄서서 산다', 'date': '2026.04.06 08:09', 'views': '123', 'likes': '13', 'dislikes': '1', 'link': '/item/board_read.naver?code=066970&nid=416801885&page=2', 'body': '', 'score': 513}, {'title': '엘앤에프~~', 'date': '2026.04.06 10:22', 'views': '53', 'likes': '11', 'dislikes': '0', 'link': '/item/board_read.naver?code=066970&nid=416822387&page=1', 'body': '', 'score': 383}, {'title': '맨날 패턴이 똑같네[2]', 'date': '2026.04.06 09:31', 'views': '151', 'likes': '11', 'dislikes': '0', 'link': '/item/board_read.naver?code=066970&nid=416812927&page=1', 'body': '', 'score': 481}, {'title': '외국인 싸게 사고 싶어서 입질하네 ㅋㅋㅋ[1]', 'date': '2026.04.06 09:10', 'views': '159', 'likes': '10', 'dislikes': '1', 'link': '/item/board_read.naver?code=066970&nid=416808538&page=2', 'body': '', 'score': 459}, {'title': '오늘상한가가자  힘좀내라', 'date': '2026.04.06 08:46', 'views': '32', 'likes': '10', 'dislikes': '1', 'link': '/item/board_read.naver?code=066970&nid=416805322&page=2', 'body': '', 'score': 332}, {'title': '오늘 20층  탑승하냐[1]', 'date': '2026.04.06 08:16', 'views': '106', 'likes': '9', 'dislikes': '2', 'link': '/item/board_read.naver?code=066970&nid=416802500&page=2', 'body': '', 'score': 376}, {'title': '속보내', 'date': '2026.04.06 08:11', 'views': '69', 'likes': '9', 'dislikes': '0', 'link': '/item/board_read.naver?code=066970&nid=416802028&page=2', 'body': '', 'score': 339}, {'title': '새로운 리서치가 있어요 📝', 'date': '2026.04.06 09:54', 'views': '108', 'likes': '8', 'dislikes': '0', 'link': '/item/board_read.naver?code=066970&nid=416817429&page=1', 'body': '', 'score': 348}]",9.2 (Strategy Advisor),066970
삼표시멘트,15090,+4.94%,0.0,66,1.65%,KOSDAQ,14320,1.65%,저 혹시....[3] / 단타들 곡소리 나는구만ㅋㅋ 얼렁가 / 까불지마라[1] / 항상 이런 패턴이긴 했죠..[1],Negative (61%),"단타들, 곡소리, 나는구만, 까불지마라, 살아있네용",1,"[{'title': '단타들 곡소리 나는구만ㅋㅋ 얼렁가', 'date': '2026.04.06 10:07', 'views': '59', 'likes': '8', 'dislikes': '0', 'link': '/item/board_read.naver?code=038500&nid=416819788&page=1', 'body': '', 'score': 299}, {'title': '까불지마라[1]', 'date': '2026.04.06 09:26', 'views': '55', 'likes': '8', 'dislikes': '0', 'link': '/item/board_read.naver?code=038500&nid=416811830&page=3', 'body': '', 'score': 295}, {'title': '우리삼표  살아있네용^^♡', 'date': '2026.04.06 09:28', 'views': '38', 'likes': '7', 'dislikes': '0', 'link': '/item/board_read.naver?code=038500&nid=416812331&page=2', 'body': '', 'score': 248}, {'title': '저 혹시....[3]', 'date': '2026.04.06 09:25', 'views': '181', 'likes': '7', 'dislikes': '3', 'link': '/item/board_read.naver?code=038500&nid=416811692&page=3', 'body': '', 'score': 391}, {'title': '항상 이런 패턴이긴 했죠..[1]', 'date': '2026.04.06 09:35', 'views': '80', 'likes': '6', 'dislikes': '0', 'link': '/item/board_read.naver?code=038500&nid=416813878&page=2', 'body': '', 'score': 260}, {'title': '7,8,9일 서울시장 경선인데~', 'date': '2026.04.06 09:29', 'views': '58', 'likes': '6', 'dislikes': '0', 'link': '/item/board_read.naver?code=038500&nid=416812598&page=2', 'body': '', 'score': 238}, {'title': '시멘트 섹터?', 'date': '2026.04.06 09:28', 'views': '27', 'likes': '6', 'dislikes': '2', 'link': '/item/board_read.naver?code=038500&nid=416812271&page=2', 'body': '', 'score': 207}, {'title': '오늘 상한가', 'date': '2026.04.06 09:16', 'views': '39', 'likes': '6', 'dislikes': '4', 'link': '/item/board_read.naver?code=038500&nid=416809726&page=3', 'body': '', 'score': 219}, {'title': '오늘 상치것ㄷ네', 'date': '2026.04.06 09:12', 'views': '40', 'likes': '6', 'dislikes': '0', 'link': '/item/board_read.naver?code=038500&nid=416808978&page=3', 'body': '', 'score': 220}, {'title': '삼표 이분들은 산삼을 자주 드시는가봄.. 한...[1]', 'date': '2026.04.06 09:50', 'views': '93', 'likes': '5', 'dislikes': '0', 'link': '/item/board_read.naver?code=038500&nid=416816798&page=1', 'body': '', 'score': 243}]",9.2 (Strategy Advisor),038500
삼성전자,192400,+3.33%,0.01,800,48.41%,KOSPI,178400,48.40%,삼전 상한가 가는걸 다 보게 생겼네[1] / 1분기 영익이 1년치영익이라잖혀 / 이제 HBM4는 완전히 / 오늘195.000원[1],Negative (57%),"삼전, 가는걸, 보게, 1분기, 1년치영익이라잖혀",1,"[{'title': '삼전 상한가 가는걸 다 보게 생겼네[1]', 'date': '2026.04.06 09:02', 'views': '164', 'likes': '15', 'dislikes': '4', 'link': '/item/board_read.naver?code=005930&nid=416807130&page=31', 'body': '', 'score': 614}, {'title': '1분기 영익이 1년치영익이라잖혀', 'date': '2026.04.06 10:30', 'views': '120', 'likes': '14', 'dislikes': '0', 'link': '/item/board_read.naver?code=005930&nid=416823703&page=3', 'body': '', 'score': 540}, {'title': '이제 HBM4는 완전히', 'date': '2026.04.06 09:04', 'views': '108', 'likes': '14', 'dislikes': '1', 'link': '/item/board_read.naver?code=005930&nid=416807342&page=31', 'body': '', 'score': 528}, {'title': '빛투,단타 말고는 그냥 들고가!!', 'date': '2026.04.06 10:31', 'views': '53', 'likes': '13', 'dislikes': '0', 'link': '/item/board_read.naver?code=005930&nid=416823792&page=3', 'body': '', 'score': 443}, {'title': '개미꼬시기에 당한 개미들', 'date': '2026.04.06 08:52', 'views': '55', 'likes': '12', 'dislikes': '6', 'link': '/item/board_read.naver?code=005930&nid=416805907&page=35', 'body': '', 'score': 415}, {'title': '지금은 살때가아녀', 'date': '2026.04.06 08:51', 'views': '60', 'likes': '12', 'dislikes': '6', 'link': '/item/board_read.naver?code=005930&nid=416805788&page=35', 'body': '', 'score': 420}, {'title': '오늘195.000원[1]', 'date': '2026.04.06 10:33', 'views': '161', 'likes': '11', 'dislikes': '0', 'link': '/item/board_read.naver?code=005930&nid=416824077&page=3', 'body': '', 'score': 491}, {'title': '7조  자사주  매집중', 'date': '2026.04.06 09:52', 'views': '124', 'likes': '11', 'dislikes': '0', 'link': '/item/board_read.naver?code=005930&nid=416817232&page=14', 'body': '', 'score': 454}, {'title': '이런종목은 전세계가줄서서', 'date': '2026.04.06 09:45', 'views': '78', 'likes': '11', 'dislikes': '5', 'link': '/item/board_read.naver?code=005930&nid=416815780&page=16', 'body': '', 'score': 408}, {'title': '가자 상한가[1]', 'date': '2026.04.06 09:33', 'views': '57', 'likes': '11', 'dislikes': '4', 'link': '/item/board_read.naver?code=005930&nid=416813500&page=21', 'body': '', 'score': 387}]",9.2 (Strategy Advisor),005930
대우건설,17270,+2.74%,-0.12,135,9.60%,KOSPI,16440,9.72%,■시작가를-17300정도[2] / ■17600-바닥잡고[3] / ■꼴랑 2만 먹을라고-2년  매집한[4] / ■김밥-주식을 좀 길게보세요[4],Positive (56%),"시작가를, 17300정도, 금일, 바닥잡고, 김밥",1,"[{'title': '■시작가를-17300정도[2]', 'date': '2026.04.06 08:17', 'views': '311', 'likes': '46', 'dislikes': '4', 'link': '/item/board_read.naver?code=047040&nid=416802615&page=7', 'body': '', 'score': 1691}, {'title': '공매도 죽었네..[1]', 'date': '2026.04.06 08:18', 'views': '182', 'likes': '32', 'dislikes': '1', 'link': '/item/board_read.naver?code=047040&nid=416802728&page=7', 'body': '', 'score': 1142}, {'title': '금일 상한가ㅡ21,850', 'date': '2026.04.06 10:29', 'views': '109', 'likes': '31', 'dislikes': '11', 'link': '/item/board_read.naver?code=047040&nid=416823507&page=1', 'body': '', 'score': 1039}, {'title': '■17600-바닥잡고[3]', 'date': '2026.04.06 10:08', 'views': '233', 'likes': '31', 'dislikes': '4', 'link': '/item/board_read.naver?code=047040&nid=416819892&page=2', 'body': '', 'score': 1163}, {'title': '■김밥-주식을 좀 길게보세요[4]', 'date': '2026.04.06 09:21', 'views': '226', 'likes': '31', 'dislikes': '3', 'link': '/item/board_read.naver?code=047040&nid=416810859&page=4', 'body': '', 'score': 1156}, {'title': '■니가가라 하와이-눈치게임[2]', 'date': '2026.04.06 08:14', 'views': '204', 'likes': '28', 'dislikes': '4', 'link': '/item/board_read.naver?code=047040&nid=416802356&page=7', 'body': '', 'score': 1044}, {'title': '■꼴랑 2만 먹을라고-2년  매집한[4]', 'date': '2026.04.06 09:24', 'views': '352', 'likes': '27', 'dislikes': '6', 'link': '/item/board_read.naver?code=047040&nid=416811489&page=4', 'body': '', 'score': 1162}, {'title': '■오늘은 일단-18000 넘겨노코[5]', 'date': '2026.04.06 09:52', 'views': '153', 'likes': '24', 'dislikes': '3', 'link': '/item/board_read.naver?code=047040&nid=416817147&page=3', 'body': '', 'score': 873}, {'title': '■눈치[1]', 'date': '2026.04.06 09:38', 'views': '382', 'likes': '23', 'dislikes': '2', 'link': '/item/board_read.naver?code=047040&nid=416814475&page=4', 'body': '', 'score': 1072}, {'title': '■실적시즌', 'date': '2026.04.06 09:58', 'views': '168', 'likes': '21', 'dislikes': '2', 'link': '/item/board_read.naver?code=047040&nid=416818265&page=3', 'body': '', 'score': 798}]",9.2 (Strategy Advisor),047040
피노,10510,+2.64%,-2.5,63,46.88%,KOSDAQ,9350,49.38%,"과거 매물대 물량소화과정이며 일부분은 하나증권... / 미국발 신상 뉴우스 ~ ♡♡♡ / 삼성sdi, 엘앤에프 상승 중[1] / [속보]  삼성 계좌입금 완료 뜨면",Positive (55%),"과거, 매물대, 물량소화과정이며, 일부분은, 하나증권",1,"[{'title': '과거 매물대 물량소화과정이며 일부분은 하나증권...', 'date': '2026.04.06 09:58', 'views': '123', 'likes': '8', 'dislikes': '1', 'link': '/item/board_read.naver?code=033790&nid=416818179&page=2', 'body': '', 'score': 363}, {'title': '누누이 말했지만 10800위로 지지면 텐버거 맞...', 'date': '2026.04.06 09:06', 'views': '85', 'likes': '8', 'dislikes': '2', 'link': '/item/board_read.naver?code=033790&nid=416807876&page=3', 'body': '', 'score': 325}, {'title': '삼성sdi, 엘앤에프 상승 중[1]', 'date': '2026.04.06 08:10', 'views': '102', 'likes': '8', 'dislikes': '1', 'link': '/item/board_read.naver?code=033790&nid=416801977&page=4', 'body': '', 'score': 342}, {'title': '텐베거 종목', 'date': '2026.04.06 09:37', 'views': '88', 'likes': '7', 'dislikes': '0', 'link': '/item/board_read.naver?code=033790&nid=416814170&page=2', 'body': '', 'score': 298}, {'title': '[속보]  삼성 계좌입금 완료 뜨면', 'date': '2026.04.06 09:01', 'views': '121', 'likes': '7', 'dislikes': '1', 'link': '/item/board_read.naver?code=033790&nid=416806830&page=3', 'body': '', 'score': 331}, {'title': '더러워서 나간다[3]', 'date': '2026.04.06 10:22', 'views': '148', 'likes': '6', 'dislikes': '4', 'link': '/item/board_read.naver?code=033790&nid=416822411&page=1', 'body': '', 'score': 328}, {'title': '10만원 갈것같은데', 'date': '2026.04.06 09:51', 'views': '42', 'likes': '6', 'dislikes': '3', 'link': '/item/board_read.naver?code=033790&nid=416816901&page=2', 'body': '', 'score': 222}, {'title': 'ESS 인산철 배터리', 'date': '2026.04.06 08:59', 'views': '124', 'likes': '6', 'dislikes': '1', 'link': '/item/board_read.naver?code=033790&nid=416806605&page=3', 'body': '', 'score': 304}, {'title': '미국발 신상 뉴우스 ~ ♡♡♡', 'date': '2026.04.06 08:43', 'views': '173', 'likes': '6', 'dislikes': '1', 'link': '/item/board_read.naver?code=033790&nid=416804966&page=4', 'body': '', 'score': 353}, {'title': '50만원 100만원 망상증 환자 글쓰지마', 'date': '2026.04.06 09:48', 'views': '47', 'likes': '5', 'dislikes': '3', 'link': '/item/board_read.naver?code=033790&nid=416816449&page=2', 'body': '', 'score': 197}]",9.2 (Strategy Advisor),033790
흥아해운,4095,+0.12%,-0.45,291,1.40%,KOSPI,4470,1.85%,"솔직히 형들아[3] / 국제유가 최고치 경신[1] / 유가가 계속 오른다, 오늘 오후에 120불 갈... / 오늘 상타 찍자... 찍어야 계속 연상 간다.",Positive (57%),"계속, 형들아, 국제유가, 최고치, 경신",1,"[{'title': '솔직히 형들아[3]', 'date': '2026.04.06 08:45', 'views': '198', 'likes': '16', 'dislikes': '5', 'link': '/item/board_read.naver?code=003280&nid=416805195&page=12', 'body': '', 'score': 678}, {'title': '국제유가 최고치 경신[1]', 'date': '2026.04.06 08:17', 'views': '47', 'likes': '16', 'dislikes': '3', 'link': '/item/board_read.naver?code=003280&nid=416802633&page=14', 'body': '', 'score': 527}, {'title': '오늘 상타 찍자... 찍어야 계속 연상 간다.', 'date': '2026.04.06 08:56', 'views': '32', 'likes': '14', 'dislikes': '1', 'link': '/item/board_read.naver?code=003280&nid=416806228&page=11', 'body': '', 'score': 452}, {'title': '유가가 계속 오른다, 오늘 오후에 120불 갈...', 'date': '2026.04.06 08:41', 'views': '73', 'likes': '14', 'dislikes': '1', 'link': '/item/board_read.naver?code=003280&nid=416804861&page=12', 'body': '', 'score': 493}, {'title': '기름값 오르는 만큼...', 'date': '2026.04.06 08:56', 'views': '37', 'likes': '13', 'dislikes': '0', 'link': '/item/board_read.naver?code=003280&nid=416806303&page=11', 'body': '', 'score': 427}, {'title': '삼전 개폭등[1]', 'date': '2026.04.06 08:10', 'views': '37', 'likes': '11', 'dislikes': '6', 'link': '/item/board_read.naver?code=003280&nid=416801916&page=15', 'body': '', 'score': 367}, {'title': '이 상황에서 이번주 국장이 오를까?[1]', 'date': '2026.04.06 09:51', 'views': '69', 'likes': '10', 'dislikes': '4', 'link': '/item/board_read.naver?code=003280&nid=416816898&page=4', 'body': '', 'score': 369}, {'title': '제2의HMM[1]', 'date': '2026.04.06 08:56', 'views': '51', 'likes': '10', 'dislikes': '0', 'link': '/item/board_read.naver?code=003280&nid=416806260&page=11', 'body': '', 'score': 351}, {'title': '여러분 시장가로 들어가유~^^', 'date': '2026.04.06 08:54', 'views': '37', 'likes': '10', 'dislikes': '1', 'link': '/item/board_read.naver?code=003280&nid=416806113&page=11', 'body': '', 'score': 337}, {'title': '흥아배만[1]', 'date': '2026.04.06 08:49', 'views': '92', 'likes': '10', 'dislikes': '1', 'link': '/item/board_read.naver?code=003280&nid=416805580&page=11', 'body': '', 'score': 392}]",9.2 (Strategy Advisor),003280
넥스틸,14800,-0.80%,0.11,97,1.44%,KOSPI,12290,1.33%,외인 폭풍매수중이네요[1] / 이 등심들아[5] / 13600원깨는거아니면 들고있어라 / 말드릅게안듣는아,Positive (55%),"13600원깨는거아니면, 들고있어라, 등심들아, 외인, 폭풍매수중이네요",1,"[{'title': '13600원깨는거아니면 들고있어라', 'date': '2026.04.06 08:44', 'views': '21', 'likes': '8', 'dislikes': '5', 'link': '/item/board_read.naver?code=092790&nid=416805081&page=4', 'body': '', 'score': 261}, {'title': '이 등심들아[5]', 'date': '2026.04.06 10:26', 'views': '72', 'likes': '7', 'dislikes': '0', 'link': '/item/board_read.naver?code=092790&nid=416823117&page=1', 'body': '', 'score': 282}, {'title': '외인 폭풍매수중이네요[1]', 'date': '2026.04.06 09:42', 'views': '97', 'likes': '7', 'dislikes': '1', 'link': '/item/board_read.naver?code=092790&nid=416815193&page=2', 'body': '', 'score': 307}, {'title': '하... 또 손절이네', 'date': '2026.04.06 08:43', 'views': '15', 'likes': '7', 'dislikes': '1', 'link': '/item/board_read.naver?code=092790&nid=416805032&page=4', 'body': '', 'score': 225}, {'title': '말드릅게안듣는아', 'date': '2026.04.06 08:33', 'views': '36', 'likes': '7', 'dislikes': '7', 'link': '/item/board_read.naver?code=092790&nid=416804095&page=5', 'body': '', 'score': 246}, {'title': '본장열리면 하방vi찍으러가겠네 ~', 'date': '2026.04.06 08:28', 'views': '36', 'likes': '7', 'dislikes': '2', 'link': '/item/board_read.naver?code=092790&nid=416803661&page=5', 'body': '', 'score': 246}, {'title': '어종상', 'date': '2026.04.06 10:27', 'views': '19', 'likes': '6', 'dislikes': '0', 'link': '/item/board_read.naver?code=092790&nid=416823262&page=1', 'body': '', 'score': 199}, {'title': '개미꼬시기', 'date': '2026.04.06 09:36', 'views': '20', 'likes': '6', 'dislikes': '2', 'link': '/item/board_read.naver?code=092790&nid=416814013&page=3', 'body': '', 'score': 200}, {'title': '자 판사람들[4]', 'date': '2026.04.06 09:29', 'views': '42', 'likes': '6', 'dislikes': '2', 'link': '/item/board_read.naver?code=092790&nid=416812444&page=3', 'body': '', 'score': 222}, {'title': '지난주에 종배자들', 'date': '2026.04.06 08:30', 'views': '26', 'likes': '6', 'dislikes': '1', 'link': '/item/board_read.naver?code=092790&nid=416803792&page=5', 'body': '', 'score': 206}]",9.2 (Strategy Advisor),092790
한국ANKOR유전,292,-1.02%,-0.83,46,2.46%,KOSPI,304,3.29%,"코스닥 하방 진입[3] / 오늘 상한가 가도 383원,  400원도 안되... / 그러니까[2] / 형님들 금욜에 팔아서",Negative (100%),"하방, 진입, 383원, 400원도, 안되",1,"[{'title': '코스닥 하방 진입[3]', 'date': '2026.04.06 10:18', 'views': '43', 'likes': '6', 'dislikes': '1', 'link': '/item/board_read.naver?code=152550&nid=416821614&page=1', 'body': '', 'score': 223}, {'title': '오늘 상한가 가도 383원,  400원도 안되...', 'date': '2026.04.06 09:35', 'views': '30', 'likes': '6', 'dislikes': '3', 'link': '/item/board_read.naver?code=152550&nid=416813911&page=1', 'body': '', 'score': 210}, {'title': '특정하지않았는데 웃기는소리', 'date': '2026.04.06 10:10', 'views': '10', 'likes': '3', 'dislikes': '1', 'link': '/item/board_read.naver?code=152550&nid=416820344&page=1', 'body': '', 'score': 100}, {'title': '그러니까[2]', 'date': '2026.04.06 10:01', 'views': '31', 'likes': '3', 'dislikes': '3', 'link': '/item/board_read.naver?code=152550&nid=416818673&page=1', 'body': '', 'score': 121}, {'title': '형님들 금욜에 팔아서', 'date': '2026.04.06 09:31', 'views': '26', 'likes': '3', 'dislikes': '1', 'link': '/item/board_read.naver?code=152550&nid=416813069&page=1', 'body': '', 'score': 116}, {'title': '형들[1]', 'date': '2026.04.06 09:30', 'views': '26', 'likes': '3', 'dislikes': '0', 'link': '/item/board_read.naver?code=152550&nid=416812842&page=2', 'body': '', 'score': 116}, {'title': '이란, 홍해 막아버리면 석유값  150달러 간다...', 'date': '2026.04.06 08:03', 'views': '22', 'likes': '3', 'dislikes': '0', 'link': '/item/board_read.naver?code=152550&nid=416801338&page=3', 'body': '', 'score': 112}, {'title': '애국 우파 만세~~~ㅎㅎㅎ 뻘갱이 쓸어버리자~...[3]', 'date': '2026.04.06 10:13', 'views': '16', 'likes': '2', 'dislikes': '4', 'link': '/item/board_read.naver?code=152550&nid=416820705&page=1', 'body': '', 'score': 76}, {'title': '대한민국[4]', 'date': '2026.04.06 10:07', 'views': '50', 'likes': '2', 'dislikes': '3', 'link': '/item/board_read.naver?code=152550&nid=416819805&page=1', 'body': '', 'score': 110}, {'title': '트럼프, 협상 시안 연기 제안  ""7일 오후8시"" 한국...', 'date': '2026.04.06 09:24', 'views': '28', 'likes': '2', 'dislikes': '1', 'link': '/item/board_read.naver?code=152550&nid=416811504&page=2', 'body': '', 'score': 88}]",9.2 (Strategy Advisor),152550
한화솔루션,38450,-1.54%,0.97,219,14.26%,KOSPI,35600,13.29%,한화 동네 양아치들한테 개돼지 취급받지 말고 절...[1] / 액트 지분 결집률 2.77% / 한화그룹 세무조사 / 3프로 거의다왓네요  진짜 이번에 임...,Negative (60%),"액트, 양아치들한테, 개돼지, 취급받지, 지분",1,"[{'title': '한화 동네 양아치들한테 개돼지 취급받지 말고 절...[1]', 'date': '2026.04.06 10:24', 'views': '95', 'likes': '22', 'dislikes': '0', 'link': '/item/board_read.naver?code=009830&nid=416822672&page=1', 'body': '', 'score': 755}, {'title': '액트 지분 결집률 2.77%', 'date': '2026.04.06 08:10', 'views': '58', 'likes': '18', 'dislikes': '0', 'link': '/item/board_read.naver?code=009830&nid=416801908&page=11', 'body': '', 'score': 598}, {'title': '한화그룹 세무조사', 'date': '2026.04.06 10:13', 'views': '54', 'likes': '17', 'dislikes': '0', 'link': '/item/board_read.naver?code=009830&nid=416820713&page=2', 'body': '', 'score': 564}, {'title': '액트 결집율 3% 되면', 'date': '2026.04.06 09:10', 'views': '41', 'likes': '17', 'dislikes': '1', 'link': '/item/board_read.naver?code=009830&nid=416808532&page=7', 'body': '', 'score': 551}, {'title': '3프로 거의다왓네요  진짜 이번에 임...', 'date': '2026.04.06 09:36', 'views': '82', 'likes': '16', 'dislikes': '0', 'link': '/item/board_read.naver?code=009830&nid=416814021&page=5', 'body': '', 'score': 562}, {'title': '액츠 소액주주 3% 임시주총으로 유증철회 요구[1]', 'date': '2026.04.06 08:56', 'views': '81', 'likes': '15', 'dislikes': '0', 'link': '/item/board_read.naver?code=009830&nid=416806298&page=8', 'body': '', 'score': 531}, {'title': '악질적인 경영진 때문에', 'date': '2026.04.06 09:06', 'views': '31', 'likes': '14', 'dislikes': '0', 'link': '/item/board_read.naver?code=009830&nid=416807828&page=7', 'body': '', 'score': 451}, {'title': '우리 모두', 'date': '2026.04.06 08:38', 'views': '21', 'likes': '14', 'dislikes': '0', 'link': '/item/board_read.naver?code=009830&nid=416804604&page=9', 'body': '', 'score': 441}, {'title': '액트가입합시다 고려아연지분 팔아서 빚갚어 7천...', 'date': '2026.04.06 08:02', 'views': '67', 'likes': '14', 'dislikes': '1', 'link': '/item/board_read.naver?code=009830&nid=416801246&page=11', 'body': '', 'score': 487}, {'title': '결국은', 'date': '2026.04.06 10:23', 'views': '33', 'likes': '13', 'dislikes': '0', 'link': '/item/board_read.naver?code=009830&nid=416822568&page=1', 'body': '', 'score': 423}]",9.2 (Strategy Advisor),009830
쏠리드,15760,-3.31%,1.16,48,15.33%,KOSDAQ,15070,14.17%,수급 어쩌고 백날 얘기해봐야 오르질 못하면 그... / 1.6만에 들어와서는 5만원 노래부르는 호로개...[1] / 종가  관계없이 / 똥신주 중,Mixed,"수급, 백날, 얘기해봐야, 오르질, 들어와서는",1,"[{'title': '수급 어쩌고 백날 얘기해봐야 오르질 못하면 그...', 'date': '2026.04.06 09:42', 'views': '53', 'likes': '10', 'dislikes': '1', 'link': '/item/board_read.naver?code=050890&nid=416815156&page=2', 'body': '', 'score': 353}, {'title': '1.6만에 들어와서는 5만원 노래부르는 호로개...[1]', 'date': '2026.04.06 09:33', 'views': '60', 'likes': '6', 'dislikes': '1', 'link': '/item/board_read.naver?code=050890&nid=416813434&page=2', 'body': '', 'score': 240}, {'title': '종가  관계없이', 'date': '2026.04.06 10:16', 'views': '56', 'likes': '4', 'dislikes': '0', 'link': '/item/board_read.naver?code=050890&nid=416821319&page=1', 'body': '', 'score': 176}, {'title': '똥신주 중', 'date': '2026.04.06 10:05', 'views': '36', 'likes': '4', 'dislikes': '0', 'link': '/item/board_read.naver?code=050890&nid=416819355&page=1', 'body': '', 'score': 156}, {'title': '차트는', 'date': '2026.04.06 09:58', 'views': '30', 'likes': '4', 'dislikes': '0', 'link': '/item/board_read.naver?code=050890&nid=416818124&page=2', 'body': '', 'score': 150}, {'title': '공매들 발악 하쥬 ㅎㅎ', 'date': '2026.04.06 09:07', 'views': '25', 'likes': '4', 'dislikes': '2', 'link': '/item/board_read.naver?code=050890&nid=416808050&page=3', 'body': '', 'score': 145}, {'title': '여기 주포 전재산 20억도 안된다', 'date': '2026.04.06 10:28', 'views': '36', 'likes': '3', 'dislikes': '5', 'link': '/item/board_read.naver?code=050890&nid=416823439&page=1', 'body': '', 'score': 126}, {'title': '일단 수익 났으면 주가 하방 예상되면', 'date': '2026.04.06 10:24', 'views': '21', 'likes': '3', 'dislikes': '0', 'link': '/item/board_read.naver?code=050890&nid=416822808&page=1', 'body': '', 'score': 111}, {'title': '김조한이 부릅니다 이밤의 끝을 잡고[1]', 'date': '2026.04.06 09:58', 'views': '41', 'likes': '3', 'dislikes': '10', 'link': '/item/board_read.naver?code=050890&nid=416818165&page=1', 'body': '', 'score': 131}, {'title': '16800원에 물렸다. 히발 살려다오', 'date': '2026.04.06 09:53', 'views': '28', 'likes': '3', 'dislikes': '6', 'link': '/item/board_read.naver?code=050890&nid=416817407&page=2', 'body': '', 'score': 118}]",9.2 (Strategy Advisor),050890
우리기술,20750,-3.94%,0.05,105,9.34%,KOSDAQ,20650,9.29%,26층 이에요[7] / 오늘 전망..[2] / 다 끝난 주식[3] / 21000~21200이 바닥 처럼 보이게 하려...[1],Negative (53%),"26층, 21200이, 바닥, 처럼, 보이게",1,"[{'title': '26층 이에요[7]', 'date': '2026.04.06 10:19', 'views': '268', 'likes': '10', 'dislikes': '0', 'link': '/item/board_read.naver?code=032820&nid=416821906&page=2', 'body': '', 'score': 568}, {'title': '오늘 전망..[2]', 'date': '2026.04.06 08:21', 'views': '120', 'likes': '9', 'dislikes': '11', 'link': '/item/board_read.naver?code=032820&nid=416803019&page=6', 'body': '', 'score': 390}, {'title': '21000~21200이 바닥 처럼 보이게 하려...[1]', 'date': '2026.04.06 10:17', 'views': '84', 'likes': '7', 'dislikes': '0', 'link': '/item/board_read.naver?code=032820&nid=416821562&page=2', 'body': '', 'score': 294}, {'title': '엥[1]', 'date': '2026.04.06 09:33', 'views': '55', 'likes': '7', 'dislikes': '0', 'link': '/item/board_read.naver?code=032820&nid=416813382&page=3', 'body': '', 'score': 265}, {'title': '우와 개잡주 ㅋ', 'date': '2026.04.06 09:22', 'views': '28', 'likes': '7', 'dislikes': '0', 'link': '/item/board_read.naver?code=032820&nid=416811115&page=4', 'body': '', 'score': 238}, {'title': '다 끝난 주식[3]', 'date': '2026.04.06 08:32', 'views': '142', 'likes': '7', 'dislikes': '15', 'link': '/item/board_read.naver?code=032820&nid=416803982&page=6', 'body': '', 'score': 352}, {'title': '개미 꼬실라고 아주 작정했네', 'date': '2026.04.06 09:37', 'views': '68', 'likes': '6', 'dislikes': '1', 'link': '/item/board_read.naver?code=032820&nid=416814154&page=3', 'body': '', 'score': 248}, {'title': '왜', 'date': '2026.04.06 09:26', 'views': '42', 'likes': '6', 'dislikes': '1', 'link': '/item/board_read.naver?code=032820&nid=416811932&page=4', 'body': '', 'score': 222}, {'title': '좀 오르면 시끄럽다 썩을', 'date': '2026.04.06 09:23', 'views': '49', 'likes': '6', 'dislikes': '10', 'link': '/item/board_read.naver?code=032820&nid=416811192&page=4', 'body': '', 'score': 229}, {'title': '23000원만 와라', 'date': '2026.04.06 09:22', 'views': '38', 'likes': '6', 'dislikes': '1', 'link': '/item/board_read.naver?code=032820&nid=416811085&page=4', 'body': '', 'score': 218}]",9.2 (Strategy Advisor),032820
SK오션플랜트,28600,-5.30%,0.54,131,5.46%,KOSPI,28350,4.92%,싸늘하다 / 오늘 장전부터 지금까지 시장 매동은 / 또 개미만파네[2] / 오호....,Negative (60%),"싸늘하다, 장전부터, 지금까지, 시장, 외인",1,"[{'title': '싸늘하다', 'date': '2026.04.06 08:45', 'views': '65', 'likes': '10', 'dislikes': '1', 'link': '/item/board_read.naver?code=100090&nid=416805144&page=6', 'body': '', 'score': 365}, {'title': '오늘 장전부터 지금까지 시장 매동은', 'date': '2026.04.06 09:33', 'views': '70', 'likes': '7', 'dislikes': '1', 'link': '/item/board_read.naver?code=100090&nid=416813539&page=3', 'body': '', 'score': 280}, {'title': '외인 프로그램 스래기 장난치는주식~~...', 'date': '2026.04.06 08:45', 'views': '31', 'likes': '7', 'dislikes': '0', 'link': '/item/board_read.naver?code=100090&nid=416805213&page=6', 'body': '', 'score': 241}, {'title': '오를땐 꼴찌 내릴땐같이', 'date': '2026.04.06 08:43', 'views': '25', 'likes': '7', 'dislikes': '0', 'link': '/item/board_read.naver?code=100090&nid=416804997&page=6', 'body': '', 'score': 235}, {'title': '오호....', 'date': '2026.04.06 08:21', 'views': '36', 'likes': '7', 'dislikes': '1', 'link': '/item/board_read.naver?code=100090&nid=416803012&page=6', 'body': '', 'score': 246}, {'title': '진짜 신한은 악질이야  던지던거 다시...', 'date': '2026.04.06 09:42', 'views': '35', 'likes': '6', 'dislikes': '0', 'link': '/item/board_read.naver?code=100090&nid=416815191&page=2', 'body': '', 'score': 215}, {'title': '공매죽이기 숏스퀴즈간다', 'date': '2026.04.06 09:34', 'views': '26', 'likes': '6', 'dislikes': '1', 'link': '/item/board_read.naver?code=100090&nid=416813686&page=3', 'body': '', 'score': 206}, {'title': '또 개미만파네[2]', 'date': '2026.04.06 08:30', 'views': '78', 'likes': '6', 'dislikes': '5', 'link': '/item/board_read.naver?code=100090&nid=416803798&page=6', 'body': '', 'score': 258}, {'title': '근본없는 찬티들 설쳐대면ㅋㅋㅋㅋㅋㅋ[1]', 'date': '2026.04.06 08:12', 'views': '40', 'likes': '6', 'dislikes': '1', 'link': '/item/board_read.naver?code=100090&nid=416802140&page=7', 'body': '', 'score': 220}, {'title': '월욜', 'date': '2026.04.06 08:11', 'views': '24', 'likes': '6', 'dislikes': '1', 'link': '/item/board_read.naver?code=100090&nid=416802095&page=7', 'body': '', 'score': 204}]",9.2 (Strategy Advisor),100090
HD현대에너지솔루션,180000,-5.81%,1.7,100,8.51%,KOSPI,147000,6.81%,오늘도 국무회의에서는 에너지수급에 대해 ...[1] / 이 개잡주는  오늘 완전 맛갔네 / 지금 키움개미 매수중 이구만 / 25 본다,Negative (55%),"개잡주는, 국무회의에서는, 에너지수급에, 대해, 키움개미",1,"[{'title': '이 개잡주는  오늘 완전 맛갔네', 'date': '2026.04.06 10:11', 'views': '26', 'likes': '8', 'dislikes': '2', 'link': '/item/board_read.naver?code=322000&nid=416820492&page=2', 'body': '', 'score': 266}, {'title': '오늘도 국무회의에서는 에너지수급에 대해 ...[1]', 'date': '2026.04.06 10:22', 'views': '129', 'likes': '7', 'dislikes': '1', 'link': '/item/board_read.naver?code=322000&nid=416822377&page=1', 'body': '', 'score': 339}, {'title': '지금 키움개미 매수중 이구만', 'date': '2026.04.06 10:18', 'views': '40', 'likes': '7', 'dislikes': '0', 'link': '/item/board_read.naver?code=322000&nid=416821648&page=2', 'body': '', 'score': 250}, {'title': '에너지 대 전환시대에 지금 지수 따라가냐? ㅋ...', 'date': '2026.04.06 10:21', 'views': '35', 'likes': '5', 'dislikes': '1', 'link': '/item/board_read.naver?code=322000&nid=416822286&page=2', 'body': '', 'score': 185}, {'title': '에휴 신발', 'date': '2026.04.06 10:21', 'views': '29', 'likes': '5', 'dislikes': '0', 'link': '/item/board_read.naver?code=322000&nid=416822254&page=2', 'body': '', 'score': 179}, {'title': '롤러코스트', 'date': '2026.04.06 09:56', 'views': '29', 'likes': '5', 'dislikes': '0', 'link': '/item/board_read.naver?code=322000&nid=416817905&page=2', 'body': '', 'score': 179}, {'title': '25 본다', 'date': '2026.04.06 08:16', 'views': '47', 'likes': '5', 'dislikes': '3', 'link': '/item/board_read.naver?code=322000&nid=416802516&page=5', 'body': '', 'score': 197}, {'title': '상한가 갈 종목은 아니엿제', 'date': '2026.04.06 10:31', 'views': '25', 'likes': '4', 'dislikes': '2', 'link': '/item/board_read.naver?code=322000&nid=416823794&page=1', 'body': '', 'score': 145}, {'title': '적당히 분할로 진입하시면 좋은 결과 있지...', 'date': '2026.04.06 10:29', 'views': '25', 'likes': '4', 'dislikes': '1', 'link': '/item/board_read.naver?code=322000&nid=416823528&page=1', 'body': '', 'score': 145}, {'title': '2차전지로 세력이 이동했나보네요', 'date': '2026.04.06 10:15', 'views': '27', 'likes': '4', 'dislikes': '0', 'link': '/item/board_read.naver?code=322000&nid=416821116&page=2', 'body': '', 'score': 147}]",9.2 (Strategy Advisor),322000
우리로,7240,-5.97%,-1.17,83,2.71%,KOSDAQ,7400,3.88%,호재가 너무 많아졌다... / 빠질만큼 빠져서[3] / 쩜상속보구글양컴 비트코인해킹넥스장양자컴급등 / 오늘 종가 +5% 예상 해봄,Positive (72%),"많아졌다, 쩜상속보구글양컴, 비트코인해킹넥스장양자컴급등, 빠질만큼, 광반도체관련주",1,"[{'title': '호재가 너무 많아졌다...', 'date': '2026.04.06 08:23', 'views': '146', 'likes': '13', 'dislikes': '4', 'link': '/item/board_read.naver?code=046970&nid=416803188&page=4', 'body': '', 'score': 536}, {'title': '쩜상속보구글양컴 비트코인해킹넥스장양자컴급등', 'date': '2026.04.06 08:22', 'views': '94', 'likes': '12', 'dislikes': '2', 'link': '/item/board_read.naver?code=046970&nid=416803048&page=5', 'body': '', 'score': 454}, {'title': '빠질만큼 빠져서[3]', 'date': '2026.04.06 09:52', 'views': '277', 'likes': '8', 'dislikes': '5', 'link': '/item/board_read.naver?code=046970&nid=416817136&page=2', 'body': '', 'score': 517}, {'title': '광반도체관련주 무더기 상한가', 'date': '2026.04.06 10:19', 'views': '53', 'likes': '7', 'dislikes': '1', 'link': '/item/board_read.naver?code=046970&nid=416821904&page=1', 'body': '', 'score': 263}, {'title': '오늘 종가 +5% 예상 해봄', 'date': '2026.04.06 09:44', 'views': '135', 'likes': '7', 'dislikes': '2', 'link': '/item/board_read.naver?code=046970&nid=416815613&page=2', 'body': '', 'score': 345}, {'title': '쩜상속보 구글양자컴 비트코인해킹성공양자컴폭등중', 'date': '2026.04.06 08:45', 'views': '87', 'likes': '7', 'dislikes': '0', 'link': '/item/board_read.naver?code=046970&nid=416805159&page=4', 'body': '', 'score': 297}, {'title': '▷.큰 기업들도 많이 고민할듯', 'date': '2026.04.06 08:13', 'views': '101', 'likes': '6', 'dislikes': '3', 'link': '/item/board_read.naver?code=046970&nid=416802216&page=5', 'body': '', 'score': 281}, {'title': '한번 대장주는 영원한 대장주다', 'date': '2026.04.06 10:21', 'views': '55', 'likes': '5', 'dislikes': '2', 'link': '/item/board_read.naver?code=046970&nid=416822157&page=1', 'body': '', 'score': 205}, {'title': '일단 길게는', 'date': '2026.04.06 09:42', 'views': '40', 'likes': '5', 'dislikes': '1', 'link': '/item/board_read.naver?code=046970&nid=416815224&page=2', 'body': '', 'score': 190}, {'title': '광통신 대장주~~', 'date': '2026.04.06 09:21', 'views': '27', 'likes': '5', 'dislikes': '0', 'link': '/item/board_read.naver?code=046970&nid=416810786&page=3', 'body': '', 'score': 177}]",9.2 (Strategy Advisor),046970
보원케미칼,8390,-7.50%,0.0,95,0.11%,KOSDAQ,9070,,"ㅇㅋ 8,200~ 9,000원 사이 20,00... / 오늘 상 에상 / 아이 / ㅋㅋㅋ8860원에서[1]",Positive (69%),"100퍼, 000원, 올릴, 없어보인다, 에상",1,"[{'title': '100퍼', 'date': '2026.04.06 09:57', 'views': '17', 'likes': '3', 'dislikes': '0', 'link': '/item/board_read.naver?code=0010F0&nid=416818012&page=2', 'body': '', 'score': 107}, {'title': 'ㅇㅋ 8,200~ 9,000원 사이 20,00...', 'date': '2026.04.06 09:42', 'views': '30', 'likes': '3', 'dislikes': '0', 'link': '/item/board_read.naver?code=0010F0&nid=416815279&page=3', 'body': '', 'score': 120}, {'title': '올릴 의도가 없어보인다', 'date': '2026.04.06 09:41', 'views': '17', 'likes': '3', 'dislikes': '0', 'link': '/item/board_read.naver?code=0010F0&nid=416814943&page=3', 'body': '', 'score': 107}, {'title': '오늘 상 에상', 'date': '2026.04.06 08:52', 'views': '23', 'likes': '3', 'dislikes': '0', 'link': '/item/board_read.naver?code=0010F0&nid=416805910&page=5', 'body': '', 'score': 113}, {'title': '지지가없어 손절하고갑니다[1]', 'date': '2026.04.06 10:35', 'views': '14', 'likes': '2', 'dislikes': '0', 'link': '/item/board_read.naver?code=0010F0&nid=416824455&page=1', 'body': '', 'score': 74}, {'title': '이거뭔가심상치않네', 'date': '2026.04.06 10:31', 'views': '26', 'likes': '2', 'dislikes': '1', 'link': '/item/board_read.naver?code=0010F0&nid=416823841&page=1', 'body': '', 'score': 86}, {'title': '유통물량 적긴하네', 'date': '2026.04.06 10:16', 'views': '32', 'likes': '2', 'dislikes': '1', 'link': '/item/board_read.naver?code=0010F0&nid=416821403&page=1', 'body': '', 'score': 92}, {'title': '아이', 'date': '2026.04.06 10:16', 'views': '51', 'likes': '2', 'dislikes': '1', 'link': '/item/board_read.naver?code=0010F0&nid=416821392&page=1', 'body': '', 'score': 111}, {'title': '스팩합병이라 위에 시체도없다', 'date': '2026.04.06 10:15', 'views': '33', 'likes': '2', 'dislikes': '0', 'link': '/item/board_read.naver?code=0010F0&nid=416821236&page=1', 'body': '', 'score': 93}, {'title': 'ㅋㅋㅋ8860원에서[1]', 'date': '2026.04.06 10:09', 'views': '48', 'likes': '2', 'dislikes': '0', 'link': '/item/board_read.naver?code=0010F0&nid=416820057&page=1', 'body': '', 'score': 108}]",9.2 (Strategy Advisor),0010F0
애경케미칼,12640,-9.97%,-0.1,82,0.00%,KOSPI,15200,0.10%,겁나냐?[2] / 애가 왜 투자경고로 갔냐면.[2] / 헐[3] / ㅎㅎㅎ 웃긴다.,Negative (80%),"겁나냐, 뺏기더라도, 뺏기지, 개미들, 투자경고로",1,"[{'title': '겁나냐?[2]', 'date': '2026.04.06 09:39', 'views': '181', 'likes': '17', 'dislikes': '3', 'link': '/item/board_read.naver?code=161000&nid=416814597&page=2', 'body': '', 'score': 691}, {'title': 'ㅎㅎㅎ 웃긴다.', 'date': '2026.04.06 09:50', 'views': '170', 'likes': '11', 'dislikes': '1', 'link': '/item/board_read.naver?code=161000&nid=416816883&page=2', 'body': '', 'score': 500}, {'title': '가격은 뺏기더라도 수량은 뺏기지 마세요', 'date': '2026.04.06 09:39', 'views': '55', 'likes': '10', 'dislikes': '2', 'link': '/item/board_read.naver?code=161000&nid=416814552&page=2', 'body': '', 'score': 355}, {'title': '자 개미들 다 떨궜다.', 'date': '2026.04.06 09:56', 'views': '42', 'likes': '7', 'dislikes': '3', 'link': '/item/board_read.naver?code=161000&nid=416817783&page=1', 'body': '', 'score': 252}, {'title': '헐[3]', 'date': '2026.04.06 08:51', 'views': '327', 'likes': '7', 'dislikes': '1', 'link': '/item/board_read.naver?code=161000&nid=416805741&page=4', 'body': '', 'score': 537}, {'title': '애가 왜 투자경고로 갔냐면.[2]', 'date': '2026.04.06 08:47', 'views': '334', 'likes': '7', 'dislikes': '3', 'link': '/item/board_read.naver?code=161000&nid=416805415&page=4', 'body': '', 'score': 544}, {'title': '마치 계획이라도 한 것 마냥 투자 경고 만들고[1]', 'date': '2026.04.06 10:32', 'views': '134', 'likes': '5', 'dislikes': '1', 'link': '/item/board_read.naver?code=161000&nid=416823966&page=1', 'body': '', 'score': 284}, {'title': '주식 투자는 기업의 과거나 현재가 아니라', 'date': '2026.04.06 09:54', 'views': '110', 'likes': '5', 'dislikes': '1', 'link': '/item/board_read.naver?code=161000&nid=416817561&page=2', 'body': '', 'score': 260}, {'title': '신용 반대매매 대부분 정리된 거 아닐까', 'date': '2026.04.06 09:51', 'views': '50', 'likes': '5', 'dislikes': '2', 'link': '/item/board_read.naver?code=161000&nid=416816894&page=2', 'body': '', 'score': 200}, {'title': '전직 애경사원', 'date': '2026.04.06 09:42', 'views': '110', 'likes': '5', 'dislikes': '4', 'link': '/item/board_read.naver?code=161000&nid=416815267&page=2', 'body': '', 'score': 260}]",9.2 (Strategy Advisor),161000
SK이터닉스,61200,-10.26%,5.11,332,6.16%,KOSPI,55000,1.05%,미국의 KKR이 SK이터닉스를 어떻게 키우나 ... / 이란이 쉽게 물러날것 같냐.  전쟁은 상당히 ... / 이정도면[1] / 전쟁 빨리 끝날수 있겠냐.그리고 한국은 태양광사...,Negative (60%),"쉽게, 물러날것, 같냐, 상당히, KKR이",1,"[{'title': '이란이 쉽게 물러날것 같냐.  전쟁은 상당히 ...', 'date': '2026.04.06 08:15', 'views': '32', 'likes': '12', 'dislikes': '1', 'link': '/item/board_read.naver?code=475150&nid=416802448&page=15', 'body': '', 'score': 392}, {'title': '미국의 KKR이 SK이터닉스를 어떻게 키우나 ...', 'date': '2026.04.06 08:18', 'views': '105', 'likes': '11', 'dislikes': '0', 'link': '/item/board_read.naver?code=475150&nid=416802675&page=15', 'body': '', 'score': 435}, {'title': '전쟁 빨리 끝날수 있겠냐.그리고 한국은 태양광사...', 'date': '2026.04.06 08:40', 'views': '36', 'likes': '10', 'dislikes': '2', 'link': '/item/board_read.naver?code=475150&nid=416804697&page=14', 'body': '', 'score': 336}, {'title': '이정도면[1]', 'date': '2026.04.06 08:20', 'views': '84', 'likes': '10', 'dislikes': '2', 'link': '/item/board_read.naver?code=475150&nid=416802859&page=15', 'body': '', 'score': 384}, {'title': '본장에서 봅시다.', 'date': '2026.04.06 08:15', 'views': '29', 'likes': '10', 'dislikes': '4', 'link': '/item/board_read.naver?code=475150&nid=416802380&page=15', 'body': '', 'score': 329}, {'title': 'ㅋㅋㅋㅋㅋ', 'date': '2026.04.06 08:19', 'views': '24', 'likes': '9', 'dislikes': '0', 'link': '/item/board_read.naver?code=475150&nid=416802829&page=15', 'body': '', 'score': 294}, {'title': '역시ㅋㅋㅋ', 'date': '2026.04.06 08:02', 'views': '21', 'likes': '9', 'dislikes': '1', 'link': '/item/board_read.naver?code=475150&nid=416801224&page=17', 'body': '', 'score': 291}, {'title': '흘러내립니다', 'date': '2026.04.06 08:02', 'views': '21', 'likes': '9', 'dislikes': '3', 'link': '/item/board_read.naver?code=475150&nid=416801223&page=17', 'body': '', 'score': 291}, {'title': '6.6만 1차 지지구간', 'date': '2026.04.06 08:18', 'views': '42', 'likes': '8', 'dislikes': '1', 'link': '/item/board_read.naver?code=475150&nid=416802687&page=15', 'body': '', 'score': 282}, {'title': '그런거 생각하고 프매랑 외인이 들어왔겟냐고', 'date': '2026.04.06 08:08', 'views': '50', 'likes': '8', 'dislikes': '1', 'link': '/item/board_read.naver?code=475150&nid=416801737&page=16', 'body': '', 'score': 290}]",9.2 (Strategy Advisor),475150
퍼스텍,8010,-12.27%,4.79,49,10.75%,KOSPI,7310,5.96%,퍼스텍 지금은 말도 안되는 시총이야 / 장기투자자는 찬티안티신경안쓴다[2] / 팔사람은 / 오늘 후성 그룹주 후성 급상승 한다.,Negative (72%),"후성, 시총이야, 팔사람은, 장기투자자는, 찬티안티신경안쓴다",1,"[{'title': '퍼스텍 지금은 말도 안되는 시총이야', 'date': '2026.04.06 09:34', 'views': '85', 'likes': '6', 'dislikes': '2', 'link': '/item/board_read.naver?code=010820&nid=416813685&page=2', 'body': '', 'score': 265}, {'title': '팔사람은', 'date': '2026.04.06 09:23', 'views': '52', 'likes': '5', 'dislikes': '0', 'link': '/item/board_read.naver?code=010820&nid=416811372&page=2', 'body': '', 'score': 202}, {'title': '장기투자자는 찬티안티신경안쓴다[2]', 'date': '2026.04.06 08:34', 'views': '87', 'likes': '5', 'dislikes': '1', 'link': '/item/board_read.naver?code=010820&nid=416804218&page=3', 'body': '', 'score': 237}, {'title': '오늘 후성 그룹주 후성 급상승 한다.', 'date': '2026.04.06 08:27', 'views': '62', 'likes': '4', 'dislikes': '12', 'link': '/item/board_read.naver?code=010820&nid=416803508&page=3', 'body': '', 'score': 182}, {'title': '떨어진다~~ 개미들아 ㅈㄴ게 팔아라', 'date': '2026.04.06 10:05', 'views': '19', 'likes': '3', 'dislikes': '1', 'link': '/item/board_read.naver?code=010820&nid=416819393&page=1', 'body': '', 'score': 109}, {'title': '정답1아 몇프로 먹고튀려고 그리열심?', 'date': '2026.04.06 08:03', 'views': '28', 'likes': '3', 'dislikes': '1', 'link': '/item/board_read.naver?code=010820&nid=416801283&page=3', 'body': '', 'score': 118}, {'title': '뭔일 날줄알았는데 조용하니 방산주 골로가네. ...[1]', 'date': '2026.04.06 10:04', 'views': '36', 'likes': '2', 'dislikes': '0', 'link': '/item/board_read.naver?code=010820&nid=416819241&page=1', 'body': '', 'score': 96}, {'title': '개미들 절라 사고 있네', 'date': '2026.04.06 10:00', 'views': '25', 'likes': '2', 'dislikes': '2', 'link': '/item/board_read.naver?code=010820&nid=416818552&page=1', 'body': '', 'score': 85}, {'title': '알바들이 도배하면 왜 떨어지는거지?', 'date': '2026.04.06 09:46', 'views': '22', 'likes': '2', 'dislikes': '0', 'link': '/item/board_read.naver?code=010820&nid=416815932&page=1', 'body': '', 'score': 82}, {'title': '날 겁주려면[1]', 'date': '2026.04.06 09:45', 'views': '53', 'likes': '2', 'dislikes': '0', 'link': '/item/board_read.naver?code=010820&nid=416815778&page=1', 'body': '', 'score': 113}]",9.2 (Strategy Advisor),010820
